APPTR,R10,10,ALILO
IF,ALILO,49.164597,-98.378386, ,0.0,0.0,0,0,0,1,210,0,1,0
TF,EBLAB,49.260594,-98.336103,0, ,0.0,0.0,0.0,0.0,2,2900,0,1,180,0,1,0

APPTR,R10,10,DUVIP
IF,DUVIP,49.356578,-98.293658, ,0.0,0.0,0,0,0,1,210,0,1,0
TF,EBLAB,49.260594,-98.336103,0, ,0.0,0.0,0.0,0.0,2,2900,0,1,180,0,1,0

APPTR,R10,10,KEBLA
IF,KEBLA,49.318572,-98.187797, ,0.0,0.0,0,0,0,0,0,0,1,0
TF,OVOXO,49.238497,-98.222667,0, ,0.0,0.0,0.0,0.0,2,3500,0,0,0,0,1,0

APPTR,R10,10,PUSER
IF,PUSER,49.261228,-98.345025, ,0.0,0.0,0,0,0,0,0,0,1,0
TF,OVOXO,49.238497,-98.222667,0, ,0.0,0.0,0.0,0.0,2,3500,0,0,0,0,1,0

APPTR,R10,10,VIXAV
IF,VIXAV,49.158408,-98.257422, ,0.0,0.0,0,0,0,0,0,0,1,0
TF,OVOXO,49.238497,-98.222667,0, ,0.0,0.0,0.0,0.0,2,3500,0,0,0,0,1,0

FINAL,R10,10,R,7
IF,EBLAB,49.260594,-98.336103, ,0.0,0.0,2,2900,0,1,180,0,1,0
IF,OVOXO,49.238497,-98.222667, ,0.0,0.0,2,3500,0,0,0,0,0,0
TF,IKLEG,49.224797,-98.149306,0, ,0.0,0.0,102.0,3.0,2,2590,0,1,70,0,2,0
TF,VODOS,49.232775,-98.189522,0, ,0.0,0.0,102.0,6.0,2,2600,0,0,0,0,2,0
TF,UKUDA,49.218958,-98.117147,0, ,0.0,0.0,102.0,3.0,2,1630,0,0,0,0,0,0
TF,BERIK,49.211050,-98.075986,0, ,0.0,0.0,102.0,3.0,1,1172,0,0,0,0,3,1
TF,RW10,49.209614,-98.068350,0, ,0.0,0.0,102.0,2.0,1,997,0,0,0,0,3,1
TF,TOTIP,49.310950,-98.073317,1, ,0.0,0.0,0.0,0.0,1,3500,0,1,70,0,0,1
TF,BOROV,49.176742,-97.897708,0, ,0.0,0.0,0.0,0.0,1,3300,0,0,0,0,0,1
HM,BOROV,49.176742,-97.897708,2, ,0.0,0.0,102.0,04.3,0,0,0,1,265,0,0,0,0
HM,TOTIP,49.310950,-98.073317,2, ,0.0,0.0,357.0,04.3,0,0,0,0,0,0,0,0,0

APPTR,R18,18,BENEX
IF,BENEX,49.381667,-98.017333, ,0.0,0.0,0,0,0,0,0,0,1,0
TF,UKTIG,49.333492,-98.037125,0, ,0.0,0.0,0.0,0.0,2,3500,0,0,0,0,1,0

APPTR,R18,18,DASGI
IF,DASGI,49.359425,-97.885811, ,0.0,0.0,0,0,0,0,0,0,1,0
TF,AVTID,49.376861,-98.010478,0, ,0.0,0.0,0.0,0.0,2,3500,0,0,0,0,1,0

APPTR,R18,18,MUSAV
IF,MUSAV,49.458286,-97.983831, ,0.0,0.0,0,0,0,0,0,0,1,0
TF,AVTID,49.376861,-98.010478,0, ,0.0,0.0,0.0,0.0,2,3500,0,0,0,0,1,0

APPTR,R18,18,ONDON
IF,ONDON,49.394164,-98.135233, ,0.0,0.0,0,0,0,0,0,0,1,0
TF,AVTID,49.376861,-98.010478,0, ,0.0,0.0,0.0,0.0,2,3500,0,0,0,0,1,0

APPTR,R18,18,RIGUM
IF,RIGUM,49.333450,-98.164531, ,0.0,0.0,0,0,0,0,0,0,1,0
TF,UKTIG,49.333492,-98.037125,0, ,0.0,0.0,0.0,0.0,2,3500,0,0,0,0,1,0

APPTR,R18,18,VOMAG
IF,VOMAG,49.333422,-97.935203, ,0.0,0.0,0,0,0,0,0,0,1,0
TF,UKTIG,49.333492,-98.037125,0, ,0.0,0.0,0.0,0.0,2,3500,0,0,0,0,1,0

FINAL,R18,18,R,6
IF,UKTIG,49.333492,-98.037125, ,0.0,0.0,2,3500,0,0,0,0,0,0
IF,AVTID,49.376861,-98.010478, ,0.0,0.0,2,3500,0,0,0,0,0,0
TF,IGTOM,49.269156,-98.063506,0, ,0.0,0.0,191.0,4.0,2,2590,0,0,0,0,2,0
TF,IGSUR,49.295428,-98.037036,0, ,0.0,0.0,188.0,5.0,2,2590,0,0,0,0,2,0
TF,RW18,49.214503,-98.063450,0, ,0.0,0.0,188.0,5.0,1,1000,0,0,0,0,3,1
TF,TAMAS,49.219197,-98.063506,0, ,0.0,0.0,176.0,3.0,1,1149,0,0,0,0,3,1
TF,VITES,49.152586,-98.063506,0, ,0.0,0.0,0.0,0.0,2,2600,0,0,0,0,0,1
TF,PURAP,49.156978,-98.081983,0, ,0.0,0.0,0.0,0.0,2,2500,0,0,0,0,0,1
TF,TUMEG,49.208314,-98.454900,0, ,0.0,0.0,0.0,0.0,1,3500,0,0,0,0,0,1
TF,LOHIL,49.152450,-98.241219,0, ,0.0,0.0,0.0,0.0,1,3500,0,0,0,0,0,1
HM,TUMEG,49.208314,-98.454900,2, ,0.0,0.0,278.0,04.3,0,0,0,0,0,0,0,0,0
HM,LOHIL,49.152450,-98.241219,2, ,0.0,0.0,266.0,04.3,0,0,0,0,0,0,0,0,0

APPTR,R28,28,DUVOL
IF,DUVOL,49.304881,-97.875514, ,0.0,0.0,0,0,0,0,0,0,1,0
TF,PESBA,49.224008,-97.845250,0, ,0.0,0.0,0.0,0.0,2,3500,0,0,0,0,1,0

APPTR,R28,28,EBKUL
IF,EBKUL,49.243731,-97.721722, ,0.0,0.0,0,0,0,0,0,0,1,0
TF,PESBA,49.224008,-97.845250,0, ,0.0,0.0,0.0,0.0,2,3500,0,0,0,0,1,0

APPTR,R28,28,MOBIG
IF,MOBIG,49.059075,-97.828264, ,0.0,0.0,0,0,0,1,210,0,1,0
TF,ETKAN,49.154869,-97.785008,0, ,0.0,0.0,0.0,0.0,2,2600,0,1,180,0,1,0

APPTR,R28,28,NOTON
IF,NOTON,49.250650,-97.741586, ,0.0,0.0,0,0,0,1,210,0,1,0
TF,ETKAN,49.154869,-97.785008,0, ,0.0,0.0,0.0,0.0,2,2600,0,1,180,0,1,0

APPTR,R28,28,UDLIN
IF,UDLIN,49.143128,-97.815086, ,0.0,0.0,0,0,0,0,0,0,1,0
TF,PESBA,49.224008,-97.845250,0, ,0.0,0.0,0.0,0.0,2,3500,0,0,0,0,1,0

FINAL,R28,28,R,6
IF,PESBA,49.224008,-97.845250, ,0.0,0.0,2,3500,0,0,0,0,0,0
IF,ETKAN,49.154869,-97.785008, ,0.0,0.0,2,2600,0,1,180,0,1,0
TF,IKNEL,49.204153,-97.968681,0, ,0.0,0.0,252.0,5.0,2,2590,0,0,0,0,2,0
TF,APLUR,49.183206,-97.931131,0, ,0.0,0.0,283.0,6.0,2,2600,0,0,0,0,2,0
TF,ONGOD,49.205136,-98.044908,0, ,0.0,0.0,267.0,3.0,1,1152,0,0,0,0,3,1
TF,RW28,49.206581,-98.052544,0, ,0.0,0.0,282.0,5.0,1,992,0,0,0,0,3,1
TF,PEMRI,49.239625,-98.228172,0, ,0.0,0.0,0.0,0.0,1,3500,0,0,0,0,0,1
TF,UKTOD,49.239222,-98.223392,0, ,0.0,0.0,0.0,0.0,1,3300,0,0,0,0,0,1
HM,UKTOD,49.239222,-98.223392,2, ,0.0,0.0,282.0,04.3,0,0,0,1,265,0,0,0,0
HM,PEMRI,49.239625,-98.228172,2, ,0.0,0.0,282.0,04.3,0,0,0,0,0,0,0,0,0

APPTR,R36,36,TAPSI
IF,TAPSI,49.095906,-97.930544, ,0.0,0.0,0,0,0,0,0,0,1,0
TF,RAPEK,49.103239,-98.056856,0, ,0.0,0.0,0.0,0.0,2,3500,0,0,0,0,1,0

APPTR,R36,36,UKRIT
IF,UKRIT,49.110433,-98.183206, ,0.0,0.0,0,0,0,0,0,0,1,0
TF,RAPEK,49.103239,-98.056856,0, ,0.0,0.0,0.0,0.0,2,3500,0,0,0,0,1,0

FINAL,R36,36,R,3
IF,RAPEK,49.103239,-98.056856, ,0.0,0.0,2,3500,0,0,0,0,0,0
TF,NAMSO,49.153006,-98.050211,0, ,0.0,0.0,1.0,3.0,2,2590,0,0,0,0,2,0
TF,KEVBI,49.202206,-98.063436,0, ,0.0,0.0,346.0,3.0,1,1198,0,0,0,0,3,1
TF,EPNAT,49.324364,-98.023708,0, ,0.0,0.0,0.0,0.0,1,3500,0,0,0,0,0,1
HM,EPNAT,49.324364,-98.023708,2, ,0.0,0.0,8.0,04.3,0,0,0,0,0,0,0,0,0

