APPTR,R08,08,IGTES
IF,IGTES,49.561847,-98.275967, ,0.0,0.0,0,0,0,0,0,0,1,0
TF,URTUM,49.478594,-98.274414,0, ,0.0,0.0,0.0,0.0,2,2700,0,0,0,0,1,0

APPTR,R08,08,URTET
IF,URTET,49.562567,-98.181564, ,0.0,0.0,0,0,0,0,0,0,1,0
TF,SUVNO,49.479314,-98.180189,0, ,0.0,0.0,0.0,0.0,2,2500,0,0,0,0,1,0

APPTR,R08,08,URVOP
IF,URVOP,49.395342,-98.272867, ,0.0,0.0,0,0,0,0,0,0,1,0
TF,URTUM,49.478594,-98.274414,0, ,0.0,0.0,0.0,0.0,2,2700,0,0,0,0,1,0

APPTR,R08,08,XUGOP
IF,XUGOP,49.396058,-98.178819, ,0.0,0.0,0,0,0,0,0,0,1,0
TF,SUVNO,49.479314,-98.180189,0, ,0.0,0.0,0.0,0.0,2,2500,0,0,0,0,1,0

FINAL,R08,08,R,6
IF,URTUM,49.478594,-98.274414, ,0.0,0.0,2,2700,0,0,0,0,0,0
IF,SUVNO,49.479314,-98.180189, ,0.0,0.0,2,2500,0,0,0,0,0,0
TF,TESUX,49.479825,-98.103522,0, ,0.0,0.0,84.0,3.0,2,2460,0,1,90,0,2,0
TF,NABDO,49.479533,-98.146642,0, ,0.0,0.0,84.0,5.0,2,2510,0,0,0,0,2,0
TF,LEVOG,49.480286,-98.026856,0, ,0.0,0.0,84.0,3.0,1,1500,0,0,0,0,3,1
TF,RW08,49.480339,-98.021361,0, ,0.0,0.0,84.0,4.9,1,926,0,0,0,0,3,1
DF,TILAK,49.481217,-97.835183,0, ,0.0,0.0,1,2500,0,1,90,0,0,1
TF,KITUB,49.481875,-97.635511,0, ,0.0,0.0,0.0,0.0,1,2500,0,0,0,0,0,1
HM,TILAK,49.481217,-97.835183,2, ,0.0,0.0,85.0,04.3,0,0,0,0,0,0,0,0,0
HM,KITUB,49.481875,-97.635511,2, ,0.0,0.0,84.0,04.3,0,0,0,0,0,0,0,0,0

APPTR,R26,26,DUSGI
IF,DUSGI,49.564436,-97.849967, ,0.0,0.0,0,0,0,0,0,0,1,0
TF,KINED,49.481181,-97.848247,0, ,0.0,0.0,0.0,0.0,2,2600,0,0,0,0,1,0

APPTR,R26,26,IGVAK
IF,IGVAK,49.397922,-97.848247, ,0.0,0.0,0,0,0,0,0,0,1,0
TF,KINED,49.481181,-97.848247,0, ,0.0,0.0,0.0,0.0,2,2600,0,0,0,0,1,0

APPTR,R26,26,PIKDU
IF,PIKDU,49.398275,-97.754189, ,0.0,0.0,0,0,0,0,0,0,1,0
TF,IRLUM,49.481533,-97.754869,0, ,0.0,0.0,0.0,0.0,2,2600,0,0,0,0,1,0

APPTR,R26,26,VOGUD
IF,VOGUD,49.564792,-97.755550, ,0.0,0.0,0,0,0,0,0,0,1,0
TF,IRLUM,49.481533,-97.754869,0, ,0.0,0.0,0.0,0.0,2,2600,0,0,0,0,1,0

FINAL,R26,26,R,6
IF,KINED,49.481181,-97.848247, ,0.0,0.0,2,2600,0,0,0,0,0,0
IF,IRLUM,49.481533,-97.754869, ,0.0,0.0,2,2600,0,0,0,0,0,0
TF,ODBIG,49.480819,-97.925775,0, ,0.0,0.0,265.0,3.0,2,2540,0,1,90,0,2,0
TF,IGVOS,49.481019,-97.882656,0, ,0.0,0.0,265.0,5.0,2,2510,0,0,0,0,2,0
TF,IKNUX,49.480408,-98.002444,0, ,0.0,0.0,265.0,3.0,1,1580,0,0,0,0,3,1
TF,RW26,49.480347,-98.010433,0, ,0.0,0.0,265.0,5.0,1,922,0,0,0,0,3,1
TF,USBOX,49.478631,-98.265989,0, ,0.0,0.0,0.0,0.0,1,2800,0,0,0,0,0,1
DF,APKOR,49.479158,-98.194111,0, ,0.0,0.0,1,3200,0,1,90,0,0,1
HM,APKOR,49.479158,-98.194111,2, ,0.0,0.0,264.0,04.3,0,0,0,0,0,0,0,0,0
HM,USBOX,49.478631,-98.265989,2, ,0.0,0.0,265.0,04.3,0,0,0,0,0,0,0,0,0

