APPTR,R35,35,APDAD
IF,APDAD,49.539025,-98.793933, ,0.0,0.0,0,0,0,0,0,0,1,0
TF,KATRI,49.538803,-98.665997,0, ,0.0,0.0,0.0,0.0,2,3000,0,0,0,0,1,0

APPTR,R35,35,LOLMO
IF,LOLMO,49.455544,-98.666444, ,0.0,0.0,0,0,0,0,0,0,1,0
TF,KATRI,49.538803,-98.665997,0, ,0.0,0.0,0.0,0.0,2,2800,0,0,0,0,1,0

APPTR,R35,35,MUXAP
IF,MUXAP,49.472417,-98.794114, ,0.0,0.0,0,0,0,0,0,0,1,0
TF,LEPAN,49.472197,-98.666350,0, ,0.0,0.0,0.0,0.0,2,3600,0,0,0,0,1,0

APPTR,R35,35,NANBI
IF,NANBI,49.388939,-98.666792, ,0.0,0.0,0,0,0,0,0,0,1,0
TF,LEPAN,49.472197,-98.666350,0, ,0.0,0.0,0.0,0.0,2,3600,0,0,0,0,1,0

APPTR,R35,35,OMTIM
IF,OMTIM,49.471839,-98.538589, ,0.0,0.0,0,0,0,0,0,0,1,0
TF,LEPAN,49.472197,-98.666350,0, ,0.0,0.0,0.0,0.0,2,3600,0,0,0,0,1,0

APPTR,R35,35,PEKSU
IF,PEKSU,49.538439,-98.538061, ,0.0,0.0,0,0,0,0,0,0,1,0
TF,KATRI,49.538803,-98.665997,0, ,0.0,0.0,0.0,0.0,2,2800,0,0,0,0,1,0

FINAL,R35,35,R,8
IF,KATRI,49.538803,-98.665997, ,0.0,0.0,2,2800,0,0,0,0,0,0
IF,LEPAN,49.472197,-98.666350, ,0.0,0.0,2,3600,0,0,0,0,0,0
TF,IGSIN,49.588758,-98.665728,0, ,0.0,0.0,354.0,3.0,2,2200,0,0,0,0,2,0
TF,APGUG,49.555456,-98.665906,0, ,0.0,0.0,354.0,5.0,2,2400,0,0,0,0,2,0
TF,DEPDO,49.622061,-98.665547,0, ,0.0,0.0,354.0,2.0,2,2100,0,0,0,0,0,0
TF,IPVEN,49.620397,-98.665558,0, ,0.0,0.0,354.0,3.9,2,2100,0,0,0,0,0,0
TF,RW35,49.655364,-98.665369,0, ,0.0,0.0,354.0,2.1,1,1219,0,0,0,0,3,1
TF,RW35,49.655364,-98.665369,0, ,0.0,0.0,354.0,2.0,1,1219,0,0,0,0,3,1
TF,SEGAG,49.530753,-98.998375,1, ,0.0,0.0,0.0,0.0,1,3300,0,0,0,0,0,1
TF,SEBOP,49.593181,-98.832083,0, ,0.0,0.0,0.0,0.0,1,3300,0,1,90,0,0,1
HM,SEGAG,49.530753,-98.998375,2, ,0.0,0.0,234.0,04.3,0,0,0,0,0,0,0,0,0
HM,SEBOP,49.593181,-98.832083,1, ,0.0,0.0,234.0,04.3,0,0,0,0,0,0,0,0,0

