SID,FN11,11,2
CA,0,106.0,2,500,0,0,0,0,0,0
CI,0, ,0.0,183.0,0,0,0,1,200,0,0,0
CF,D148H,50.980514,2.760325,0,COA,224.7,31.5,148.0,5.0,3,4500,0,0,0,0,0,0
TF,D148P,50.866203,2.868453,0, ,0.0,0.0,0.0,0.0,2,4500,0,0,0,0,0,1
CF,KOK29,50.823036,3.283569,0,COA,183.9,31.7,93.0,16.0,0,0,0,0,0,0,0,0

SID,FN11CO,11,2
CA,0,106.0,2,500,0,0,0,0,0,0
VM,0,0,0,106.0,0,0,0,0,0,0,0,0

SID,FN29,29,2
CA,0,286.0,2,500,0,0,0,0,0,0
CI,1, ,0.0,107.0,0,0,0,1,200,0,0,0
CF,D148H,50.980514,2.760325,0,COA,224.7,31.5,148.0,2.0,3,4500,0,0,0,0,0,0
TF,D148P,50.866203,2.868453,0, ,0.0,0.0,0.0,0.0,2,4500,0,0,0,0,0,1
CF,KOK29,50.823036,3.283569,0,COA,183.9,31.7,93.0,16.0,0,0,0,0,0,0,0,0

SID,FN29CO,29,2
CA,0,286.0,2,500,0,0,0,0,0,0
VM,0,0,0,286.0,0,0,0,0,0,0,0,0

APPTR,D29,29,KOK
IF,KOK,51.094722,2.651667, ,0.0,0.0,4,4500,2000,0,0,0,1,0
FD,KOK,51.094722,2.651667,0,KOK,0.0,6.0,130.0,6.0,1,2000,0,0,0,0,0,0
CF,FD29,51.055189,2.780036,1,KOK,115.0,5.4,295.0,1.0,1,1500,0,0,0,0,0,0

FINAL,D29,29,D,2
IF,FD29,51.055189,2.780036,KOK,115.0,5.4,1,1500,0,0,0,0,2,0
CF,RW29,51.086733,2.669619,0,KOK,124.2,0.8,295.0,4.6,1,61,0,0,0,0,3,0
CF,KOK,51.094722,2.651667,0,KOK,0.0,0.0,295.0,0.8,0,0,0,0,0,0,0,0
FD,KOK,51.094722,2.651667,0,KOK,0.0,3.0,295.0,3.0,0,0,0,0,0,0,0,0
DF,KOK,51.094722,2.651667,1, ,0.0,0.0,1,2000,0,0,0,0,0,0

APPTR,R29,29,FN400
IF,FN400,51.013167,2.811833, ,0.0,0.0,2,2000,0,0,0,0,1,0
TF,FN401,51.052667,2.832667,0, ,0.0,0.0,0.0,0.0,2,1500,0,0,0,0,1,0

APPTR,R29,29,FN600
IF,FN600,51.044833,2.870333, ,0.0,0.0,2,1500,0,0,0,0,1,0
TF,FN401,51.052667,2.832667,0, ,0.0,0.0,0.0,0.0,2,1500,0,0,0,0,1,0

FINAL,R29,29,R,3
IF,FN401,51.052667,2.832667, ,0.0,0.0,2,1500,0,0,0,0,0,0
TF,FN402,51.071000,2.744833,0, ,0.0,0.0,286.0,3.5,2,1000,0,0,0,0,2,0
TF,RW29,51.086733,2.669619,0, ,0.0,0.0,286.0,3.0,1,61,0,1,190,0,3,1
TF,FN403,51.122333,2.497333,0, ,0.0,0.0,0.0,0.0,3,1000,0,1,190,0,0,0
TF,FN404,51.050000,2.459833,0, ,0.0,0.0,0.0,0.0,3,2000,0,1,190,0,0,0
TF,FN405,50.967333,2.787833,0, ,0.0,0.0,0.0,0.0,3,2000,0,0,0,0,0,0
TF,FN400,51.013167,2.811833,1, ,0.0,0.0,0.0,0.0,3,2000,0,0,0,0,0,0

