SID,JUIS2G,25,5
DF,WE300,53.384219,7.189414,0, ,0.0,0.0,0,0,0,0,0,0,0,0
TF,JUIST,53.562703,6.920028,0, ,0.0,0.0,0.0,0.0,0,0,0,0,0,0,0,0

SID,JUIS2P,07,5
DF,WE400,53.397533,7.260939,0, ,0.0,0.0,0,0,0,0,0,0,0,1
DF,WE401,53.424481,7.246478,1, ,0.0,0.0,0,0,0,0,0,0,0,0
TF,JUIST,53.562703,6.920028,0, ,0.0,0.0,0.0,0.0,0,0,0,0,0,0,0,0

SID,SUQI1G,25,5
CF,WE123,53.378044,7.156078,0,BAM,356.7,123.2,249.0,2.0,2,540,0,0,0,0,0,1
DF,WE124,53.430050,7.173244,2, ,0.0,0.0,0,0,0,1,200,0,0,0
TF,WE125,53.356831,7.321178,0, ,0.0,0.0,0.0,0.0,2,4500,0,0,0,0,0,0
TF,SUQIF,53.217158,7.600731,0, ,0.0,0.0,0.0,0.0,0,0,0,0,0,0,0,0

SID,SUQI1P,07,5
CF,WE225,53.420569,7.386256,0,BAM,0.4,126.0,69.0,6.0,0,0,0,0,0,0,0,0
TF,WE226,53.384069,7.424953,0, ,0.0,0.0,0.0,0.0,2,4500,0,1,200,0,0,0
TF,SUQIF,53.217158,7.600731,0, ,0.0,0.0,0.0,0.0,0,0,0,0,0,0,0,0

APPTR,R07-Y,07,JUIST
IF,JUIST,53.562703,6.920028, ,0.0,0.0,2,3000,0,0,0,0,1,0
TF,WE200,53.450628,6.988306,0, ,0.0,0.0,0.0,0.0,2,3000,0,0,0,0,0,0
TF,WE201,53.404222,7.016489,0, ,0.0,0.0,0.0,0.0,2,2000,0,0,0,0,0,0
TF,WE202,53.357294,7.044875,0, ,0.0,0.0,0.0,0.0,2,1700,0,0,0,0,1,0

FINAL,R07-Y,07,R,3
IF,WE202,53.357294,7.044875, ,0.0,0.0,2,1700,0,0,0,0,0,0
TF,EMDIN,53.367217,7.098003,0, ,0.0,0.0,70.0,2.0,2,1500,0,0,0,0,2,0
TF,RW07,53.389925,7.220153,0, ,0.0,0.0,70.0,4.6,1,37,0,0,0,0,3,1
TF,WE400,53.397533,7.260939,0, ,0.0,0.0,0.0,0.0,0,0,0,0,0,0,0,1
DF,WE401,53.424481,7.246478,0, ,0.0,0.0,0,0,0,0,0,0,0,0
TF,JUIST,53.562703,6.920028,0, ,0.0,0.0,0.0,0.0,1,3000,0,0,0,0,0,0

APPTR,R07-Z,07,SUQIF
IF,SUQIF,53.217158,7.600731, ,0.0,0.0,2,4000,0,0,0,0,1,0
TF,WE221,53.359822,7.299567,0, ,0.0,0.0,0.0,0.0,2,3000,0,0,0,0,0,0
TF,WE222,53.454328,7.097894,0, ,0.0,0.0,0.0,0.0,2,2000,0,0,0,0,0,0
TF,WE223,53.429525,6.964833,0, ,0.0,0.0,0.0,0.0,2,2000,0,0,0,0,0,0
TF,WE224,53.350075,7.006314,0, ,0.0,0.0,0.0,0.0,2,1700,0,1,200,0,1,0

FINAL,R07-Z,07,R,3
IF,WE224,53.350075,7.006314, ,0.0,0.0,2,1700,0,1,200,0,0,0
TF,DOKUV,53.367300,7.098456,0, ,0.0,0.0,69.0,3.5,2,1500,0,0,0,0,2,0
TF,RW07,53.389925,7.220153,0, ,0.0,0.0,69.0,4.6,1,42,0,0,0,0,3,1
CF,WE225,53.420569,7.386256,0,HAM,258.2,102.1,69.0,6.2,0,0,0,1,185,0,0,0
TF,SUQIF,53.217158,7.600731,0, ,0.0,0.0,0.0,0.0,1,3300,0,0,0,0,0,0

APPTR,R25-Y,25,JUIST
IF,JUIST,53.562703,6.920028, ,0.0,0.0,2,3000,0,0,0,0,1,0
TF,WE100,53.491297,7.240442,0, ,0.0,0.0,0.0,0.0,2,3000,0,0,0,0,0,0
TF,WE101,53.456761,7.393694,0, ,0.0,0.0,0.0,0.0,2,2000,0,0,0,0,0,0
TF,WE102,53.424939,7.410069,0, ,0.0,0.0,0.0,0.0,2,1800,0,0,0,0,1,0

FINAL,R25-Y,25,R,3
IF,WE102,53.424939,7.410069, ,0.0,0.0,2,1800,0,0,0,0,0,0
TF,INKAN,53.415153,7.356800,0, ,0.0,0.0,250.0,2.0,2,1500,0,0,0,0,2,0
TF,RW25,53.392583,7.234508,0, ,0.0,0.0,250.0,4.6,1,37,0,0,0,0,3,1
TF,WE115,53.388828,7.214231,0, ,0.0,0.0,0.0,0.0,0,0,0,0,0,0,0,0
TF,JUIST,53.562703,6.920028,0, ,0.0,0.0,0.0,0.0,1,3000,0,0,0,0,0,0

APPTR,R25-Z,25,SUQIF
IF,SUQIF,53.217158,7.600731, ,0.0,0.0,2,4000,0,0,0,0,1,0
TF,WE120,53.382517,7.483964,0, ,0.0,0.0,0.0,0.0,2,3000,0,0,0,0,0,0
TF,WE122,53.432031,7.448764,0, ,0.0,0.0,0.0,0.0,2,2000,0,1,210,0,1,0

FINAL,R25-Z,25,R,3
IF,WE122,53.432031,7.448764, ,0.0,0.0,2,2000,0,1,210,0,0,0
TF,ARKUL,53.415072,7.356364,0, ,0.0,0.0,250.0,3.5,2,1500,0,0,0,0,2,0
TF,RW25,53.392583,7.234508,0, ,0.0,0.0,250.0,4.6,1,42,0,0,0,0,3,1
CF,WE123,53.378044,7.156078,0,HAM,257.6,110.7,249.0,3.0,0,0,0,0,0,0,0,1
DF,WE124,53.430050,7.173244,2, ,0.0,0.0,0,0,0,1,200,0,0,0
TF,SUQIF,53.217158,7.600731,0, ,0.0,0.0,0.0,0.0,1,4000,0,0,0,0,0,0

