FINAL,I23,23,I,3
IF,CF23,51.257719,-1.551347,IBOD,50.1,10.8,2,2880,0,0,0,0,0,0
CF,FF23,51.227931,-1.608467,0,IBOD,50.1,8.0,230.0,2.8,1,2380,0,0,0,0,2,0
CF,RW23,51.161969,-1.734506,0,IBOD,50.1,1.8,230.0,6.2,1,424,0,0,0,0,3,0
CA,0,230.0,2,2380,0,0,0,0,0,0
VM,0,0,0,230.0,1,2380,0,0,0,0,0,0

APPTR,I23-Y,23,D068I
IF,D068I,51.202281,-1.530006, ,0.0,0.0,2,4000,0,0,0,0,1,0
CI,0, ,0.0,68.0,0,0,0,0,0,0,0,0
AF,D059K,51.240089,-1.500014,1,BDN,59.0,11.0,68.0,0,0,0,0,0,0,0,1
CF,CF23,51.257719,-1.551347,0,IBOD,50.1,10.8,230.0,1.0,2,2880,0,0,0,0,1,0

FINAL,I23-Y,23,I,3
IF,CF23,51.257719,-1.551347,IBOD,50.1,10.8,2,2880,0,0,0,0,0,0
CF,FF23,51.227931,-1.608467,0,IBOD,50.1,8.0,230.0,2.8,1,2380,0,0,0,0,2,0
CF,RW23,51.161969,-1.734506,0,IBOD,50.1,1.8,230.0,6.2,1,424,0,0,0,0,3,0
CA,0,230.0,2,2380,0,0,0,0,0,0
VM,0,0,0,230.0,1,2380,0,0,0,0,0,0

APPTR,I23-Z,23,D069O
IF,D069O,51.233608,-1.378892, ,0.0,0.0,2,4000,0,0,0,0,1,0
CI,0, ,0.0,69.0,0,0,0,0,0,0,0,0
AF,D055Q,51.306456,-1.378347,1,BDN,55.0,17.0,69.0,0,0,0,0,0,0,0,1
CF,CF23,51.257719,-1.551347,0,IBOD,50.1,10.8,230.0,7.0,2,2880,0,0,0,0,1,0

FINAL,I23-Z,23,I,3
IF,CF23,51.257719,-1.551347,IBOD,50.1,10.8,2,2880,0,0,0,0,0,0
CF,FF23,51.227931,-1.608467,0,IBOD,50.1,8.0,230.0,2.8,1,2380,0,0,0,0,2,0
CF,RW23,51.161969,-1.734506,0,IBOD,50.1,1.8,230.0,6.2,1,424,0,0,0,0,3,0
CA,0,230.0,2,2380,0,0,0,0,0,0
VM,0,0,0,230.0,1,2380,0,0,0,0,0,0

APPTR,T05,05,D269J
IF,D269J,51.148503,-2.017328, ,0.0,0.0,2,3400,0,0,0,0,1,0
CI,0, ,0.0,269.0,0,0,0,0,0,0,0,0
AF,D236L,51.039697,-2.018397,1,BDN,236.0,12.0,269.0,0,0,0,0,0,0,0,0
CF,CT05,51.057922,-1.974194,0,BDN,236.0,10.0,56.0,2.0,2,2900,0,0,0,0,1,0

FINAL,T05,05,D,4
IF,CT05,51.057922,-1.974194,BDN,236.0,10.0,2,2900,0,0,0,0,0,0
CF,FT05,51.094325,-1.885681,0,BDN,236.0,6.0,56.0,4.0,2,2150,0,0,0,0,2,0
CF,40TAC,51.112500,-1.841372,0,BDN,236.0,4.0,56.0,2.0,2,1520,0,0,0,0,0,0
CF,MT05,51.135197,-1.785939,0,BDN,236.0,1.5,56.0,2.5,1,719,0,0,0,0,3,0
FA,MT05,51.135197,-1.785939,0,BDN,0.0,0.0,50.0,2,2400,0,0,0,0,0,0
VM,0,0,0,50.0,1,2400,0,0,0,0,0,0

APPTR,T23-Y,23,D068I
IF,D068I,51.202281,-1.530006, ,0.0,0.0,2,4000,0,0,0,0,1,0
CI,0, ,0.0,68.0,0,0,0,0,0,0,0,0
AF,D047K,51.271131,-1.535714,1,BDN,47.0,11.0,68.0,0,0,0,0,0,0,0,0
CF,CT23Y,51.260025,-1.555483,0,BDN,47.0,10.0,227.0,1.0,2,2880,0,0,0,0,1,0

FINAL,T23-Y,23,D,4
IF,CT23Y,51.260025,-1.555483,BDN,47.0,10.0,2,2880,0,0,0,0,0,0
CF,FT23Y,51.221136,-1.624600,0,BDN,47.0,6.5,227.0,3.5,2,2180,0,0,0,0,2,0
CF,45TA2,51.198894,-1.664044,0,BDN,47.0,4.5,227.0,2.0,2,1530,0,0,0,0,0,0
CF,MT23Y,51.171072,-1.713294,0,BDN,47.0,2.0,227.0,2.5,1,735,0,0,0,0,3,0
FA,MT23Y,51.171072,-1.713294,0,BDN,0.0,0.0,230.0,2,2380,0,0,0,0,0,0
VM,0,0,0,230.0,1,2380,0,0,0,0,0,0

APPTR,T23-Z,23,D069O
IF,D069O,51.233608,-1.378892, ,0.0,0.0,2,4000,0,0,0,0,1,0
CI,0, ,0.0,69.0,0,0,0,0,0,0,0,0
AF,D047Q,51.337683,-1.416900,1,BDN,47.0,17.0,69.0,0,0,0,0,0,0,0,0
CF,CT23Z,51.260025,-1.555483,0,BDN,47.0,10.0,227.0,7.0,2,2880,0,0,0,0,1,0

FINAL,T23-Z,23,D,4
IF,CT23Z,51.260025,-1.555483,BDN,47.0,10.0,2,2880,0,0,0,0,0,0
CF,FT23Z,51.221136,-1.624600,0,BDN,47.0,6.5,227.0,3.5,2,2180,0,0,0,0,2,0
CF,45TAC,51.198894,-1.664044,0,BDN,47.0,4.5,227.0,2.0,2,1530,0,0,0,0,0,0
CF,MT23Z,51.171072,-1.713294,0,BDN,47.0,2.0,227.0,2.5,1,735,0,0,0,0,3,0
FA,MT23Z,51.171072,-1.713294,0,BDN,0.0,0.0,230.0,2,2380,0,0,0,0,0,0
VM,0,0,0,230.0,1,2380,0,0,0,0,0,0

