APPTR,D04,04,SWB
IF,SWB,52.798008,-2.662319, ,0.0,0.0,2,3200,0,0,0,0,1,0
FD,SWB,52.798008,-2.662319,0,SWB,0.0,6.6,241.0,6.6,2,1800,0,0,0,0,0,0
CF,FD04,52.741258,-2.773653,1,SWB,230.0,5.3,50.0,2.0,2,1800,0,0,0,0,0,0

FINAL,D04,04,D,3
IF,FD04,52.741258,-2.773653,SWB,230.0,5.3,2,1800,0,0,0,0,2,0
CF,26VOR,52.770181,-2.716972,0,SWB,230.0,2.6,50.0,2.7,2,930,0,0,0,0,0,0
CF,MD04,52.781956,-2.693858,0,SWB,230.0,1.5,50.0,1.1,1,583,0,0,0,0,3,0
CF,SWB,52.798008,-2.662319,0,SWB,0.0,0.0,50.0,1.5,0,0,0,0,0,0,0,0
FM,SWB,52.798008,-2.662319,0,SWB,0.0,0.0,50.0,1,3000,0,0,0,0,0,0

APPTR,D18,18,SWB
IF,SWB,52.798008,-2.662319, ,0.0,0.0,2,3200,0,0,0,0,1,0
FD,SWB,52.798008,-2.662319,0,SWB,0.0,6.2,360.0,6.2,2,1800,0,0,0,0,0,0
CF,FD18,52.881025,-2.691489,1,SWB,348.0,5.1,168.0,2.0,2,1800,0,0,0,0,0,0

FINAL,D18,18,D,2
IF,FD18,52.881025,-2.691489,SWB,348.0,5.1,2,1800,0,0,0,0,2,0
CF,MD18,52.830564,-2.673744,0,SWB,348.0,2.0,168.0,3.1,1,845,0,0,0,0,3,0
CF,SWB,52.798008,-2.662319,0,SWB,0.0,0.0,168.0,2.0,0,0,0,0,0,0,0,0
FM,SWB,52.798008,-2.662319,0,SWB,0.0,0.0,168.0,1,3000,0,0,0,0,0,0

APPTR,D22,22,SWB
IF,SWB,52.798008,-2.662319, ,0.0,0.0,2,3200,0,0,0,0,1,0
FD,SWB,52.798008,-2.662319,0,SWB,0.0,6.1,25.0,6.1,2,1800,0,0,0,0,0,0
CF,FD22,52.865300,-2.581497,2,SWB,36.0,5.0,216.0,2.0,2,1800,0,0,0,0,0,0

FINAL,D22,22,D,3
IF,FD22,52.865300,-2.581497,SWB,36.0,5.0,2,1800,0,0,0,0,2,0
CF,26VO2,52.833006,-2.620322,0,SWB,36.0,2.6,216.0,2.4,2,1050,0,0,0,0,0,0
CF,MD22,52.818200,-2.638097,0,SWB,36.0,1.5,216.0,1.1,1,713,0,0,0,0,3,0
CF,SWB,52.798008,-2.662319,0,SWB,0.0,0.0,216.0,1.5,0,0,0,0,0,0,0,0
FM,SWB,52.798008,-2.662319,0,SWB,0.0,0.0,216.0,1,3000,0,0,0,0,0,0

APPTR,D36,36,SWB
IF,SWB,52.798008,-2.662319, ,0.0,0.0,2,3200,0,0,0,0,1,0
FD,SWB,52.798008,-2.662319,0,SWB,0.0,6.7,198.0,6.7,2,1800,0,0,0,0,0,0
CF,FD36,52.707153,-2.680683,1,SWB,187.0,5.5,7.0,2.0,2,1800,0,0,0,0,0,0

FINAL,D36,36,D,3
IF,FD36,52.707153,-2.680683,SWB,187.0,5.5,2,1800,0,0,0,0,2,0
CF,28VOR,52.751756,-2.671678,0,SWB,187.0,2.8,7.0,2.7,2,930,0,0,0,0,0,0
CF,MD36,52.773228,-2.667333,0,SWB,187.0,1.5,7.0,1.3,1,519,0,0,0,0,3,0
CF,SWB,52.798008,-2.662319,0,SWB,0.0,0.0,7.0,1.5,0,0,0,0,0,0,0,0
FM,SWB,52.798008,-2.662319,0,SWB,0.0,0.0,7.0,1,3000,0,0,0,0,0,0

APPTR,I18,18,SWB
IF,SWB,52.798008,-2.662319, ,0.0,0.0,2,3300,0,0,0,0,1,0
FD,SWB,52.798008,-2.662319,0,SWB,0.0,7.0,13.0,7.0,2,1900,0,0,0,0,0,0
CF,CI18,52.914483,-2.658864,1,ISHY,3.0,7.7,183.0,1.0,2,1900,0,0,0,0,0,0

FINAL,I18,18,I,6
IF,CF18,52.984653,-2.652753,ISHY,3.0,11.9,2,2700,0,0,0,0,0,0
IF,CI18,52.914483,-2.658864,ISHY,3.0,7.7,2,1900,0,0,0,0,0,0
CF,FF18,52.874964,-2.662297,0,ISHY,3.0,5.3,183.0,6.6,1,1700,0,0,0,0,2,0
CF,FF18,52.874964,-2.662297,0,ISHY,3.0,5.3,183.0,2.4,1,1700,0,0,0,0,2,0
CF,RW18,52.801853,-2.667967,0,ISHY,4.5,0.9,183.0,4.4,1,288,0,0,0,0,3,0
CF,RW18,52.801853,-2.667967,0,ISHY,4.5,0.9,183.0,4.4,1,288,0,0,0,0,3,0
VM,0,0,0,183.0,1,3000,0,0,0,0,0,0
VM,0,0,0,183.0,1,4000,0,0,0,0,0,0

APPTR,R04,04,AXWOM
IF,AXWOM,52.670794,-2.875358, ,0.0,0.0,2,2700,0,1,160,0,1,0
TF,OS04I,52.706333,-2.817600,0, ,0.0,0.0,0.0,0.0,2,1600,0,0,0,0,1,0

APPTR,R04,04,OXBOL
IF,OXBOL,52.668864,-2.755267, ,0.0,0.0,2,2700,0,1,160,0,1,0
TF,OS04I,52.706333,-2.817600,0, ,0.0,0.0,0.0,0.0,2,1600,0,0,0,0,1,0

APPTR,R04,04,UBFUX
IF,UBFUX,52.743767,-2.880039, ,0.0,0.0,2,2700,0,1,160,0,1,0
TF,OS04I,52.706333,-2.817600,0, ,0.0,0.0,0.0,0.0,2,1600,0,0,0,0,1,0

FINAL,R04,04,R,3
IF,OS04I,52.706333,-2.817600, ,0.0,0.0,2,1600,0,1,160,0,0,0
TF,OS04F,52.744228,-2.755858,0, ,0.0,0.0,45.0,3.2,2,1600,0,0,0,0,2,0
TF,RW04,52.792692,-2.676664,0, ,0.0,0.0,45.0,4.1,1,297,0,0,0,0,3,1
CF,OSM01,52.834036,-2.608894,0,SWB,41.9,2.9,45.0,3.5,0,0,0,0,0,0,0,0
TF,OSM02,52.886822,-2.696733,0, ,0.0,0.0,0.0,0.0,0,0,0,0,0,0,0,0
TF,OSM03,52.899461,-2.818836,0, ,0.0,0.0,0.0,0.0,0,0,0,0,0,0,0,0
TF,OSM04,52.852069,-2.896167,0, ,0.0,0.0,0.0,0.0,0,0,0,0,0,0,0,0
TF,UBFUX,52.743767,-2.880039,0, ,0.0,0.0,0.0,0.0,2,3000,0,1,160,0,0,1
HM,UBFUX,52.743767,-2.880039,2, ,0.0,0.0,125.0,04.3,2,3000,0,1,160,0,0,0,0

APPTR,R18-Y,18,DEZAF
IF,DEZAF,52.973333,-2.668514, ,0.0,0.0,2,2500,0,1,160,0,1,0
TF,OS18I,52.923389,-2.668356,0, ,0.0,0.0,0.0,0.0,2,1800,0,0,0,0,1,0

APPTR,R18-Y,18,EDZUX
IF,EDZUX,52.923253,-2.756506, ,0.0,0.0,2,2500,0,1,160,0,1,0
TF,OS18I,52.923389,-2.668356,0, ,0.0,0.0,0.0,0.0,2,1800,0,0,0,0,1,0

APPTR,R18-Y,18,ONUSE
IF,ONUSE,52.923458,-2.580203, ,0.0,0.0,2,2500,0,1,160,0,1,0
TF,OS18I,52.923389,-2.668356,0, ,0.0,0.0,0.0,0.0,2,1800,0,0,0,0,1,0

FINAL,R18-Y,18,R,3
IF,OS18I,52.923389,-2.668356, ,0.0,0.0,2,1800,0,1,160,0,0,0
TF,OS18F,52.870086,-2.668183,0, ,0.0,0.0,180.0,3.2,2,1600,0,0,0,0,2,0
TF,RW18,52.801853,-2.667967,0, ,0.0,0.0,180.0,4.1,1,292,0,0,0,0,3,1
CF,OSM05,52.743581,-2.667781,0,SWB,183.5,3.3,180.0,3.5,0,0,0,0,0,0,0,0
TF,OSM07,52.743372,-2.791231,0, ,0.0,0.0,0.0,0.0,0,0,0,0,0,0,0,0
TF,OSM08,52.796122,-2.878950,0, ,0.0,0.0,0.0,0.0,0,0,0,0,0,0,0,0
TF,OSM09,52.972897,-2.880375,0, ,0.0,0.0,0.0,0.0,0,0,0,0,0,0,0,0
TF,DEZAF,52.973333,-2.668514,0, ,0.0,0.0,0.0,0.0,2,2500,0,1,160,0,0,1
HM,DEZAF,52.973333,-2.668514,1, ,0.0,0.0,90.0,04.3,2,2500,0,1,160,0,0,0,0

APPTR,R18-Z,18,DEZAF
IF,DEZAF,52.973333,-2.668514, ,0.0,0.0,2,2500,0,1,160,0,1,0
TF,OS18I,52.923389,-2.668356,0, ,0.0,0.0,0.0,0.0,2,1800,0,0,0,0,1,0

APPTR,R18-Z,18,EDZUX
IF,EDZUX,52.923253,-2.756506, ,0.0,0.0,2,2500,0,1,160,0,1,0
TF,OS18I,52.923389,-2.668356,0, ,0.0,0.0,0.0,0.0,2,1800,0,0,0,0,1,0

APPTR,R18-Z,18,ONUSE
IF,ONUSE,52.923458,-2.580203, ,0.0,0.0,2,2500,0,1,160,0,1,0
TF,OS18I,52.923389,-2.668356,0, ,0.0,0.0,0.0,0.0,2,1800,0,0,0,0,1,0

FINAL,R18-Z,18,R,3
IF,OS18I,52.923389,-2.668356, ,0.0,0.0,2,1800,0,1,160,0,0,0
TF,OS18F,52.870086,-2.668183,0, ,0.0,0.0,180.0,3.2,2,1600,0,0,0,0,2,0
TF,RW18,52.801853,-2.667967,0, ,0.0,0.0,180.0,4.1,1,292,0,0,0,0,3,1
CF,OSM05,52.743581,-2.667781,0,SWB,183.5,3.3,180.0,3.5,0,0,0,0,0,0,0,0
TF,OSM06,52.743653,-2.579992,0, ,0.0,0.0,0.0,0.0,0,0,0,0,0,0,0,0
TF,ONUSE,52.923458,-2.580203,0, ,0.0,0.0,0.0,0.0,2,2500,0,1,160,0,0,1
HM,ONUSE,52.923458,-2.580203,2, ,0.0,0.0,270.0,04.3,2,2500,0,1,160,0,0,0,0

APPTR,R22,22,ATLUH
IF,ATLUH,52.943897,-2.545892, ,0.0,0.0,2,2500,0,1,160,0,1,0
TF,ZESFU,52.887642,-2.520758,0, ,0.0,0.0,0.0,0.0,2,1900,0,0,0,0,1,0

APPTR,R22,22,USBOZ
IF,USBOZ,52.872625,-2.427692, ,0.0,0.0,2,2500,0,1,160,0,1,0
TF,ZESFU,52.887642,-2.520758,0, ,0.0,0.0,0.0,0.0,2,1900,0,0,0,0,1,0

FINAL,R22,22,R,3
IF,ZESFU,52.887642,-2.520758, ,0.0,0.0,2,1900,0,1,160,0,0,0
TF,OS22F,52.846325,-2.588714,0, ,0.0,0.0,225.0,3.5,2,1500,0,0,0,0,2,0
TF,RW22,52.801464,-2.662300,0, ,0.0,0.0,225.0,3.8,1,288,0,0,0,0,3,1
CF,OSM18,52.760086,-2.729964,0,SWB,227.3,3.4,225.0,3.5,0,0,0,0,0,0,0,0
TF,OSM19,52.724556,-2.670914,0, ,0.0,0.0,0.0,0.0,0,0,0,0,0,0,0,0
TF,USBOZ,52.872625,-2.427692,0, ,0.0,0.0,0.0,0.0,2,2500,0,1,160,0,0,1
HM,USBOZ,52.872625,-2.427692,2, ,0.0,0.0,315.0,04.3,2,2500,0,1,160,0,0,0,0

APPTR,R36-Y,36,LONUW
IF,LONUW,52.663722,-2.755153, ,0.0,0.0,2,2800,0,1,160,0,1,0
TF,OS36I,52.663858,-2.667525,0, ,0.0,0.0,0.0,0.0,2,1700,0,0,0,0,1,0

APPTR,R36-Y,36,UXDAS
IF,UXDAS,52.613911,-2.667367, ,0.0,0.0,2,2500,0,1,160,0,1,0
TF,OS36I,52.663858,-2.667525,0, ,0.0,0.0,0.0,0.0,2,1700,0,0,0,0,1,0

APPTR,R36-Y,36,WEXVA
IF,WEXVA,52.663931,-2.579897, ,0.0,0.0,2,2500,0,1,160,0,1,0
TF,OS36I,52.663858,-2.667525,0, ,0.0,0.0,0.0,0.0,2,1700,0,0,0,0,1,0

FINAL,R36-Y,36,R,3
IF,OS36I,52.663858,-2.667525, ,0.0,0.0,2,1700,0,1,160,0,0,0
TF,OS36F,52.722156,-2.667711,0, ,0.0,0.0,360.0,3.5,2,1500,0,0,0,0,2,0
TF,RW36,52.785397,-2.667911,0, ,0.0,0.0,360.0,3.8,1,287,0,0,0,0,3,1
CF,OSM14,52.865311,-2.668169,0,SWB,357.0,4.1,360.0,4.8,0,0,0,0,0,0,0,0
TF,OSM15,52.900533,-2.726669,0, ,0.0,0.0,0.0,0.0,0,0,0,0,0,0,0,0
TF,OSM16,52.900353,-2.814772,0, ,0.0,0.0,0.0,0.0,0,0,0,0,0,0,0,0
TF,OSM17,52.857094,-2.915881,0, ,0.0,0.0,0.0,0.0,0,0,0,0,0,0,0,0
TF,LONUW,52.663722,-2.755153,0, ,0.0,0.0,0.0,0.0,2,3000,0,1,160,0,0,1
HM,LONUW,52.663722,-2.755153,2, ,0.0,0.0,90.0,04.3,2,3000,0,1,160,0,0,0,0

APPTR,R36-Z,36,LONUW
IF,LONUW,52.663722,-2.755153, ,0.0,0.0,2,2800,0,1,160,0,1,0
TF,OS36I,52.663858,-2.667525,0, ,0.0,0.0,0.0,0.0,2,1700,0,0,0,0,1,0

APPTR,R36-Z,36,UXDAS
IF,UXDAS,52.613911,-2.667367, ,0.0,0.0,2,2500,0,1,160,0,1,0
TF,OS36I,52.663858,-2.667525,0, ,0.0,0.0,0.0,0.0,2,1700,0,0,0,0,1,0

APPTR,R36-Z,36,WEXVA
IF,WEXVA,52.663931,-2.579897, ,0.0,0.0,2,2500,0,1,160,0,1,0
TF,OS36I,52.663858,-2.667525,0, ,0.0,0.0,0.0,0.0,2,1700,0,0,0,0,1,0

FINAL,R36-Z,36,R,3
IF,OS36I,52.663858,-2.667525, ,0.0,0.0,2,1700,0,1,160,0,0,0
TF,OS36F,52.722156,-2.667711,0, ,0.0,0.0,360.0,3.5,2,1500,0,0,0,0,2,0
TF,RW36,52.785397,-2.667911,0, ,0.0,0.0,360.0,3.8,1,287,0,0,0,0,3,1
CF,OSM12,52.843667,-2.668100,0,SWB,355.6,2.8,360.0,3.5,0,0,0,0,0,0,0,0
TF,OSM13,52.843739,-2.580108,0, ,0.0,0.0,0.0,0.0,0,0,0,0,0,0,0,0
TF,WEXVA,52.663931,-2.579897,0, ,0.0,0.0,0.0,0.0,2,3000,0,1,160,0,0,1
HM,WEXVA,52.663931,-2.579897,1, ,0.0,0.0,270.0,04.3,2,3000,0,1,160,0,0,0,0

APPTR,S04,04,SWB
IF,SWB,52.798008,-2.662319, ,0.0,0.0,2,3200,0,0,0,0,1,0
FC,SWB,52.798008,-2.662319,0,SWB,0.0,0.0,242.0,5.0,2,1800,0,0,0,0,0,1
CF,FS04,52.739328,-2.777428,1,SWB,230.0,5.5,50.0,1.0,2,1800,0,0,0,0,0,0

FINAL,S04,04,D,2
IF,FS04,52.739328,-2.777428,SWB,230.0,5.5,2,1800,0,0,0,0,2,0
CF,RW04,52.792692,-2.676664,0,SWB,238.6,0.6,50.0,4.9,1,297,0,0,0,0,3,0
CF,SWB,52.798008,-2.662319,0,SWB,0.0,0.0,50.0,0.6,0,0,0,0,0,0,0,1
FM,SWB,52.798008,-2.662319,0,SWB,0.0,0.0,50.0,1,3000,0,0,0,0,0,0

APPTR,S18,18,SWB
IF,SWB,52.798008,-2.662319, ,0.0,0.0,2,3200,0,0,0,0,1,0
FC,SWB,52.798008,-2.662319,0,SWB,0.0,0.0,360.0,5.0,2,1800,0,0,0,0,0,1
CF,FS18,52.882164,-2.691889,1,SWB,348.0,5.2,168.0,1.0,2,1800,0,0,0,0,0,0

FINAL,S18,18,D,3
IF,FS18,52.882164,-2.691889,SWB,348.0,5.2,2,1800,0,0,0,0,2,0
CF,ES18,52.802381,-2.663853,0,SWB,348.0,0.3,168.0,4.9,1,292,0,0,0,0,0,1
CF,SWB,52.798008,-2.662319,0,SWB,0.0,0.0,168.0,0.3,2,650,0,0,0,0,3,1
FA,SWB,52.798008,-2.662319,0,SWB,0.0,0.0,168.0,2,3000,0,0,0,0,0,0
VM,0,0,0,168.0,1,3000,0,0,0,0,0,0

APPTR,S22,22,SWB
IF,SWB,52.798008,-2.662319, ,0.0,0.0,2,3200,0,0,0,0,1,0
FC,SWB,52.798008,-2.662319,0,SWB,0.0,0.0,24.0,5.0,2,1800,0,0,0,0,0,1
CF,FS22,52.865839,-2.580850,2,SWB,36.0,5.0,216.0,1.0,2,1800,0,0,0,0,0,0

FINAL,S22,22,D,2
IF,FS22,52.865839,-2.580850,SWB,36.0,5.0,2,1800,0,0,0,0,2,0
CF,RW22,52.801464,-2.662300,0,SWB,0.2,0.2,216.0,4.9,1,288,0,0,0,0,3,0
CF,SWB,52.798008,-2.662319,0,SWB,0.0,0.0,216.0,0.2,0,0,0,0,0,0,0,1
FM,SWB,52.798008,-2.662319,0,SWB,0.0,0.0,216.0,1,3000,0,0,0,0,0,0

APPTR,S36,36,SWB
IF,SWB,52.798008,-2.662319, ,0.0,0.0,2,3200,0,0,0,0,1,0
FC,SWB,52.798008,-2.662319,0,SWB,0.0,0.0,199.0,5.0,2,1900,0,0,0,0,0,1
CF,FS36,52.711614,-2.679783,1,SWB,187.0,5.2,7.0,1.0,2,1900,0,0,0,0,0,0

FINAL,S36,36,D,2
IF,FS36,52.711614,-2.679783,SWB,187.0,5.2,2,1900,0,0,0,0,2,0
CF,RW36,52.785397,-2.667911,0,SWB,195.1,0.8,7.0,4.5,1,287,0,0,0,0,3,0
CF,SWB,52.798008,-2.662319,0,SWB,0.0,0.0,7.0,0.8,0,0,0,0,0,0,0,1
FM,SWB,52.798008,-2.662319,0,SWB,0.0,0.0,7.0,1,3000,0,0,0,0,0,0

