APPTR,I23,23,CLN
IF,CLN,51.848472,1.147589, ,0.0,0.0,0,0,0,0,0,0,0,0
TF,D002X,52.248333,1.187000,0, ,0.0,0.0,0.0,0.0,2,2500,0,0,0,0,1,0
FD,D002X,52.248333,1.187000,0,CLN,2.5,26.0,2.0,26.0,0,0,0,0,0,0,0,0
CF,CF23,52.214267,1.135069,2,IWAT,51.0,8.7,231.0,6.0,2,2500,0,0,0,0,0,0

APPTR,I23,23,WTZ1
FD,WTZ,52.121933,0.940472,0,WTZ,0.0,9.0,80.0,9.0,2,2500,0,0,0,0,0,0
CF,CF23,52.214267,1.135069,1,IWAT,51.0,8.7,231.0,1.0,2,2500,0,0,0,0,0,0

APPTR,I23,23,WTZ2
FD,WTZ,52.121933,0.940472,0,WTZ,0.0,9.0,62.0,9.0,2,2500,0,0,0,0,0,0
CF,CF23,52.214267,1.135069,1,IWAT,51.0,8.7,231.0,1.0,2,2500,0,0,0,0,0,0

FINAL,I23,23,I,3
IF,CF23,52.214267,1.135069,IWAT,51.0,8.7,2,2500,0,0,0,0,0,0
CF,FF23,52.204050,1.113678,0,IWAT,51.0,7.7,231.0,1.0,1,2500,0,0,0,0,2,0
CF,RW23,52.134325,0.968531,0,IWAT,51.5,0.9,231.0,6.8,1,334,0,0,0,0,3,0
VM,0,0,0,227.0,1,2800,0,0,0,0,0,0

APPTR,R046,04,IDZAX
IF,IDZAX,52.025669,0.775411, ,0.0,0.0,2,1900,0,0,0,0,1,0
TF,AVZIG,52.059367,0.835122,0, ,0.0,0.0,0.0,0.0,2,1700,0,0,0,0,1,0

APPTR,R046,04,VUMWE
IF,VUMWE,52.022519,0.889714, ,0.0,0.0,2,1800,0,0,0,0,1,0
TF,AVZIG,52.059367,0.835122,0, ,0.0,0.0,0.0,0.0,2,1700,0,0,0,0,1,0

APPTR,R046,04,YAFYO
IF,YAFYO,52.096189,0.780439, ,0.0,0.0,2,2200,0,0,0,0,1,0
TF,AVZIG,52.059367,0.835122,0, ,0.0,0.0,0.0,0.0,2,1700,0,0,0,0,1,0

FINAL,R046,04,R,3
IF,AVZIG,52.059367,0.835122, ,0.0,0.0,2,1700,0,0,0,0,0,0
TF,YEKYE,52.093028,0.894922,0, ,0.0,0.0,46.0,3.0,2,1200,0,1,90,0,2,0
TF,MA05,52.110211,0.925503,0, ,0.0,0.0,46.0,1.5,1,694,0,0,0,0,3,1
TF,UWM06,52.130403,0.961458,0, ,0.0,0.0,0.0,0.0,0,0,0,0,0,0,0,0
TF,UWM07,52.167264,0.906794,0, ,0.0,0.0,0.0,0.0,0,0,0,0,0,0,0,0
TF,YAFYO,52.096189,0.780439,0, ,0.0,0.0,0.0,0.0,1,2200,0,1,90,0,0,1
HM,YAFYO,52.096189,0.780439,2, ,0.0,0.0,136.0,04.3,1,2200,0,1,100,0,0,0,0

APPTR,R05,05,EPWOW
IF,EPWOW,52.067528,0.729675, ,0.0,0.0,2,1800,0,0,0,0,1,0
TF,UW05I,52.030731,0.784367,0, ,0.0,0.0,0.0,0.0,2,1800,0,0,0,0,1,0

APPTR,R05,05,ROXWO
IF,ROXWO,51.997006,0.724731, ,0.0,0.0,2,1900,0,0,0,0,1,0
TF,UW05I,52.030731,0.784367,0, ,0.0,0.0,0.0,0.0,2,1800,0,0,0,0,1,0

APPTR,R05,05,UFWUM
IF,UFWUM,51.993906,0.838969, ,0.0,0.0,2,1800,0,0,0,0,1,0
TF,UW05I,52.030731,0.784367,0, ,0.0,0.0,0.0,0.0,2,1800,0,0,0,0,1,0

FINAL,R05,05,R,3
IF,UW05I,52.030731,0.784367, ,0.0,0.0,2,1800,0,0,0,0,0,0
TF,UW05F,52.075844,0.864378,0, ,0.0,0.0,46.0,4.0,2,1600,0,0,0,0,2,0
TF,RW05,52.120564,0.943800,0, ,0.0,0.0,46.0,4.0,1,332,0,0,0,0,3,1
TF,UWM01,52.156506,1.007681,0, ,0.0,0.0,0.0,0.0,0,0,0,0,0,0,0,0
TF,UWM02,52.193353,0.953050,0, ,0.0,0.0,0.0,0.0,0,0,0,0,0,0,0,0
TF,EPWOW,52.067528,0.729675,0, ,0.0,0.0,0.0,0.0,1,1800,0,0,0,0,0,1
HM,EPWOW,52.067528,0.729675,2, ,0.0,0.0,136.0,04.3,1,1800,0,1,170,0,0,0,0

APPTR,R227,22,AWZAH
IF,AWZAH,52.212336,1.108058, ,0.0,0.0,2,2200,0,0,0,0,1,0
TF,EMWOZ,52.195567,1.077986,0, ,0.0,0.0,0.0,0.0,2,1400,0,0,0,0,1,0

APPTR,R227,22,ICHIF
IF,ICHIF,52.170931,1.114361, ,0.0,0.0,2,2200,0,0,0,0,1,0
TF,EMWOZ,52.195567,1.077986,0, ,0.0,0.0,0.0,0.0,2,1400,0,0,0,0,1,0

APPTR,R227,22,MIZWU
IF,MIZWU,52.220192,1.041572, ,0.0,0.0,2,2200,0,0,0,0,1,0
TF,EMWOZ,52.195567,1.077986,0, ,0.0,0.0,0.0,0.0,2,1400,0,0,0,0,1,0

FINAL,R227,22,R,3
IF,EMWOZ,52.195567,1.077986, ,0.0,0.0,2,1400,0,0,0,0,0,0
TF,OZZUV,52.167600,1.027917,0, ,0.0,0.0,227.0,2.5,2,1400,0,1,90,0,2,0
TF,MA23,52.145208,0.987906,0, ,0.0,0.0,227.0,2.0,1,716,0,0,0,0,3,1
TF,UWM08,52.122806,0.947894,0, ,0.0,0.0,0.0,0.0,0,0,0,0,0,0,0,0
TF,UWM09,52.147394,0.911425,0, ,0.0,0.0,0.0,0.0,0,0,0,0,0,0,0,0
TF,MIZWU,52.220192,1.041572,0, ,0.0,0.0,0.0,0.0,1,2200,0,1,90,0,0,1
HM,MIZWU,52.220192,1.041572,2, ,0.0,0.0,137.0,04.3,1,2200,0,1,100,0,0,0,0

APPTR,R23,23,ILWUF
IF,ILWUF,52.278133,1.085042, ,0.0,0.0,2,2200,0,0,0,0,1,0
TF,UW23I,52.235008,1.148778,0, ,0.0,0.0,0.0,0.0,2,2000,0,0,0,0,1,0

APPTR,R23,23,OTDEW
IF,OTDEW,52.268503,1.209050, ,0.0,0.0,2,2200,0,0,0,0,1,0
TF,UW23I,52.235008,1.148778,0, ,0.0,0.0,0.0,0.0,2,2000,0,0,0,0,1,0

APPTR,R23,23,OXHIL
IF,OXHIL,52.191850,1.212389, ,0.0,0.0,2,2200,0,0,0,0,1,0
TF,UW23I,52.235008,1.148778,0, ,0.0,0.0,0.0,0.0,2,2000,0,0,0,0,1,0

FINAL,R23,23,R,3
IF,UW23I,52.235008,1.148778, ,0.0,0.0,2,2000,0,0,0,0,0,0
TF,UW23F,52.192894,1.073200,0, ,0.0,0.0,227.0,3.8,2,2000,0,0,0,0,2,0
TF,RW23,52.134325,0.968531,0, ,0.0,0.0,226.0,5.2,1,334,0,0,0,0,3,1
TF,UWM03,52.100731,0.908522,0, ,0.0,0.0,0.0,0.0,0,0,0,1,140,0,0,0
TF,UWM04,52.143694,0.844675,0, ,0.0,0.0,0.0,0.0,0,0,0,0,0,0,0,0
TF,ILWUF,52.278133,1.085042,0, ,0.0,0.0,0.0,0.0,1,2200,0,0,0,0,0,1
HM,ILWUF,52.278133,1.085042,2, ,0.0,0.0,136.0,04.3,1,2200,0,1,170,0,0,0,0

APPTR,T05,05,FT051
IF,FT05,52.055333,0.859500, ,0.0,0.0,2,2300,0,0,0,0,1,0
HF,FT05,52.055333,0.859500,1, ,0.0,0.0,36.0,05,2,1900,0,1,200,0,0,0,0

APPTR,T05,05,FT052
IF,FT05,52.055333,0.859500, ,0.0,0.0,2,2300,0,0,0,0,1,0
HF,FT05,52.055333,0.859500,1, ,0.0,0.0,36.0,03.3,2,1900,0,1,170,0,0,0,0

FINAL,T05,05,D,2
IF,FT05,52.055333,0.859500,WTZ,215.9,5.0,2,1900,0,0,0,0,2,0
CF,MT05,52.108614,0.924256,0,WTZ,215.9,1.0,36.0,4.0,1,655,0,0,0,0,3,0
VM,0,0,0,47.0,1,2800,0,0,0,0,0,0

APPTR,T23,23,FT231
IF,FT23,52.203167,1.115667, ,0.0,0.0,2,2800,0,0,0,0,1,0
HF,FT23,52.203167,1.115667,1, ,0.0,0.0,232.0,06.7,2,2500,0,1,170,0,0,0,0

APPTR,T23,23,FT232
IF,FT23,52.203167,1.115667, ,0.0,0.0,2,2800,0,0,0,0,1,0
HF,FT23,52.203167,1.115667,1, ,0.0,0.0,232.0,03.7,2,2500,0,1,170,0,0,0,0

FINAL,T23,23,D,2
IF,FT23,52.203167,1.115667,WTZ,51.9,8.1,2,2500,0,0,0,0,2,0
CF,MT23,52.141997,0.983633,0,WTZ,51.9,2.0,232.0,6.1,1,565,0,0,0,0,3,0
VM,0,0,0,227.0,1,2800,0,0,0,0,0,0

