SID,CPT09,09,2
CD, ,0,0,0,ODH,0,0.0,92.0,1.8,0,0,0,0,0,0,0,0
CA,0,92.0,2,900,0,0,0,0,0,0
CI,1, ,0.0,283.0,0,0,0,0,0,0,0,0
CF,CPT,51.491572,-1.219692,0,CPT,0.0,0.0,325.0,13.0,0,0,0,0,0,0,0,0

SID,CPT27,27,2
CD, ,0,0,0,ODH,0,0.0,272.0,2.2,0,0,0,0,0,0,0,0
CA,0,272.0,2,900,0,0,0,0,0,0
CI,2, ,0.0,17.0,0,0,0,0,0,0,0,0
CF,CPT,51.491572,-1.219692,0,CPT,0.0,0.0,325.0,12.0,0,0,0,0,0,0,0,0

SID,HAZE09,09,2
CD, ,0,0,0,ODH,0,0.0,92.0,1.8,0,0,0,0,0,0,0,0
CA,0,92.0,2,900,0,0,0,0,0,0
DF,ODH,51.235833,-0.942667,1, ,0.0,0.0,0,0,0,0,0,0,0,0
TF,HAZEL,51.005286,-0.984461,0, ,0.0,0.0,0.0,0.0,3,2400,0,0,0,0,0,0

SID,HAZE27,27,2
CD, ,0,0,0,ODH,0,0.0,272.0,2.2,0,0,0,0,0,0,0,0
CA,0,272.0,2,900,0,0,0,0,0,0
DF,ODH,51.235833,-0.942667,2, ,0.0,0.0,0,0,0,0,0,0,0,0
TF,HAZEL,51.005286,-0.984461,0, ,0.0,0.0,0.0,0.0,3,2400,0,0,0,0,0,0

STAR,ABSA1P,ALL,5
IF,ABSAV,50.641372,-1.174736, ,0.0,0.0,1,11000,0,1,250,0,0,0
TF,RUDMO,50.777667,-1.024167,0, ,0.0,0.0,0.0,0.0,0,0,0,1,210,0,0,0
TF,PEPIS,51.196653,-1.243672,0, ,0.0,0.0,0.0,0.0,1,8000,0,0,0,0,0,0

STAR,CPT1P,ALL,5
IF,CPT,51.491572,-1.219692, ,0.0,0.0,0,0,0,1,250,0,0,0
TF,HANKY,51.112772,-1.130833,0, ,0.0,0.0,0.0,0.0,0,0,0,1,210,0,0,1
CF,PEPIS,51.196653,-1.243672,2,CPT,182.9,17.7,3.0,6.0,1,8000,0,0,0,0,0,0

STAR,CPT1V,ALL,5
IF,CPT,51.491572,-1.219692, ,0.0,0.0,0,0,0,1,250,0,0,0
TF,GOBNU,51.348033,-1.106978,0, ,0.0,0.0,0.0,0.0,0,0,0,1,210,0,0,0
TF,INDOX,51.310986,-1.020567,0, ,0.0,0.0,0.0,0.0,0,0,0,1,210,0,0,0
TF,DIXIB,51.236728,-0.848203,0, ,0.0,0.0,0.0,0.0,1,5000,0,1,210,0,0,0
TF,LFS02,51.208069,-0.678825,0, ,0.0,0.0,0.0,0.0,0,0,0,1,210,0,0,0
TF,VEXUB,51.235833,-0.612711,0, ,0.0,0.0,0.0,0.0,1,3000,0,1,185,0,0,0

STAR,ELDA1V,ALL,5
IF,ELDAX,50.488433,0.658450, ,0.0,0.0,1,18000,0,0,0,0,0,0
TF,NOTGI,50.586150,-0.417483,0, ,0.0,0.0,0.0,0.0,0,0,0,0,0,0,0,0
TF,EVEXU,50.687717,-0.578017,0, ,0.0,0.0,0.0,0.0,0,0,0,1,250,0,0,0
TF,RIMUP,50.863633,-0.727531,0, ,0.0,0.0,0.0,0.0,0,0,0,1,210,0,0,0
TF,NIDGO,50.949439,-0.768825,0, ,0.0,0.0,0.0,0.0,0,0,0,1,210,0,0,0
TF,IBGON,51.013122,-0.799578,0, ,0.0,0.0,0.0,0.0,0,0,0,1,210,0,0,0
TF,LUXIV,51.086286,-0.782517,0, ,0.0,0.0,0.0,0.0,0,0,0,1,210,0,0,0
TF,EVATA,51.139247,-0.765978,0, ,0.0,0.0,0.0,0.0,1,4000,0,1,210,0,0,0
TF,LFS03,51.179086,-0.747647,0, ,0.0,0.0,0.0,0.0,0,0,0,1,210,0,0,0
TF,VEXUB,51.235833,-0.612711,0, ,0.0,0.0,0.0,0.0,1,3000,0,1,185,0,0,0

STAR,KATH1V,ALL,5
IF,KATHY,50.520442,-1.333397, ,0.0,0.0,0,0,0,0,0,0,0,0
TF,ABSAV,50.641372,-1.174736,0, ,0.0,0.0,0.0,0.0,1,11000,0,1,250,0,0,0
TF,RUDMO,50.777667,-1.024167,0, ,0.0,0.0,0.0,0.0,0,0,0,1,210,0,0,0
TF,RIMUP,50.863633,-0.727531,0, ,0.0,0.0,0.0,0.0,0,0,0,1,210,0,0,0
TF,NIDGO,50.949439,-0.768825,0, ,0.0,0.0,0.0,0.0,0,0,0,1,210,0,0,0
TF,IBGON,51.013122,-0.799578,0, ,0.0,0.0,0.0,0.0,0,0,0,1,210,0,0,0
TF,LUXIV,51.086286,-0.782517,0, ,0.0,0.0,0.0,0.0,0,0,0,1,210,0,0,0
TF,EVATA,51.139247,-0.765978,0, ,0.0,0.0,0.0,0.0,1,4000,0,1,210,0,0,0
TF,LFS03,51.179086,-0.747647,0, ,0.0,0.0,0.0,0.0,0,0,0,1,210,0,0,0
TF,VEXUB,51.235833,-0.612711,0, ,0.0,0.0,0.0,0.0,1,3000,0,1,185,0,0,0

STAR,NOTG1P,ALL,5
IF,NOTGI,50.586150,-0.417483, ,0.0,0.0,0,0,0,0,0,0,0,0
TF,EVEXU,50.687717,-0.578017,0, ,0.0,0.0,0.0,0.0,0,0,0,1,250,0,0,0
TF,RUDMO,50.777667,-1.024167,0, ,0.0,0.0,0.0,0.0,0,0,0,1,210,0,0,0
TF,PEPIS,51.196653,-1.243672,0, ,0.0,0.0,0.0,0.0,1,8000,0,0,0,0,0,0

STAR,SOKD1V,ALL,5
IF,SOKDU,50.660894,-2.025850, ,0.0,0.0,0,0,0,0,0,0,0,0
TF,ABSAV,50.641372,-1.174736,0, ,0.0,0.0,0.0,0.0,1,11000,0,1,250,0,0,0
TF,RUDMO,50.777667,-1.024167,0, ,0.0,0.0,0.0,0.0,0,0,0,1,210,0,0,0
TF,RIMUP,50.863633,-0.727531,0, ,0.0,0.0,0.0,0.0,0,0,0,1,210,0,0,0
TF,NIDGO,50.949439,-0.768825,0, ,0.0,0.0,0.0,0.0,0,0,0,1,210,0,0,0
TF,IBGON,51.013122,-0.799578,0, ,0.0,0.0,0.0,0.0,0,0,0,1,210,0,0,0
TF,LUXIV,51.086286,-0.782517,0, ,0.0,0.0,0.0,0.0,0,0,0,1,210,0,0,0
TF,EVATA,51.139247,-0.765978,0, ,0.0,0.0,0.0,0.0,1,4000,0,1,210,0,0,0
TF,LFS03,51.179086,-0.747647,0, ,0.0,0.0,0.0,0.0,0,0,0,1,210,0,0,0
TF,VEXUB,51.235833,-0.612711,0, ,0.0,0.0,0.0,0.0,1,3000,0,1,185,0,0,0

APPTR,I27-Y,27,D267G
IF,D267G,51.231494,-1.133458, ,0.0,0.0,2,3000,0,0,0,0,1,0
CF,ODH,51.235833,-0.942667,0,ODH,0.0,0.0,87.0,7.2,2,3000,0,0,0,0,0,0
FD,ODH,51.235833,-0.942667,0,ODH,0.0,6.8,101.0,6.8,2,1900,0,0,0,0,0,0
CF,CI27,51.233425,-0.762469,1,IODH,89.0,7.2,269.0,1.0,2,1900,0,0,0,0,1,0

FINAL,I27-Y,27,I,3
IF,CI27,51.233425,-0.762469,IODH,89.0,7.2,2,1900,0,0,0,0,0,0
CF,FI27,51.233489,-0.807553,0,IODH,89.0,5.5,269.0,1.7,1,1900,0,0,0,0,2,0
CF,RW27,51.233811,-0.929614,0,IODH,88.1,0.9,269.0,4.6,1,440,0,0,0,0,3,0
CA,0,269.0,2,800,0,0,0,0,0,0
CA,0,272.0,2,2000,0,0,0,0,0,0
VM,0,0,0,313.0,1,2500,0,0,0,0,0,0

APPTR,T09-Y,09,D267G
IF,D267G,51.231494,-1.133458, ,0.0,0.0,0,0,0,0,0,0,1,0
HF,D267G,51.231494,-1.133458,2, ,0.0,0.0,87.0,02,2,2400,0,1,120,0,0,0,0
CF,FT09,51.232608,-1.085764,0,ODH,267.0,5.4,87.0,1.8,2,2000,0,0,0,0,0,0

FINAL,T09-Y,09,D,3
IF,FT09,51.232608,-1.085764,ODH,267.0,5.4,2,2000,0,0,0,0,2,0
CF,32TAC,51.233942,-1.027467,0,ODH,267.0,3.2,87.0,2.2,2,1300,0,0,0,0,0,0
CF,MT09,51.235306,-0.966517,0,ODH,267.0,0.9,87.0,2.3,1,572,0,0,0,0,3,0
FA,MT09,51.235306,-0.966517,0,ODH,0.0,0.0,92.0,2,2000,0,0,0,0,0,0
VM,0,0,1,313.0,1,2500,0,0,0,0,0,0

APPTR,T27-Y,27,D267G
IF,D267G,51.231494,-1.133458, ,0.0,0.0,2,3000,0,0,0,0,1,0
CF,ODH,51.235833,-0.942667,0,ODH,0.0,0.0,87.0,7.2,2,3000,0,0,0,0,0,0
FD,ODH,51.235833,-0.942667,0,ODH,0.0,6.8,105.0,6.8,2,1800,0,0,0,0,0,0
CF,CT27,51.225828,-0.763069,1,ODH,94.0,6.8,274.0,1.0,2,1800,0,0,0,0,1,0

FINAL,T27-Y,27,D,4
IF,CT27,51.225828,-0.763069,ODH,94.0,6.8,2,1800,0,0,0,0,0,0
CF,FT27,51.228800,-0.815883,0,ODH,94.0,4.8,274.0,2.0,2,1800,0,0,0,0,2,0
CF,28TAC,51.231747,-0.868706,0,ODH,94.0,2.8,274.0,2.0,2,1170,0,0,0,0,0,0
CF,MT27,51.234669,-0.921533,0,ODH,94.0,0.8,274.0,2.0,1,537,0,0,0,0,3,0
FA,MT27,51.234669,-0.921533,0,ODH,0.0,0.0,272.0,2,2000,0,0,0,0,0,0
VM,0,0,0,313.0,1,2500,0,0,0,0,0,0

