APPTR,I19,19,D058H
IF,D058H,52.121667,6.062000, ,0.0,0.0,3,3000,0,0,0,0,1,0
AF,D014H,52.184667,5.935964,1,DLN,14.0,8.0,58.0,0,0,0,0,0,0,0,0
CF,CF19,52.165986,5.924539,0,DNS,13.9,7.5,194.0,1.2,2,1700,0,0,0,0,0,0

FINAL,I19,19,I,3
IF,CF19,52.165986,5.924539,DNS,13.9,7.5,2,1700,0,0,0,0,0,0
CF,FF19,52.134144,5.908744,0,DNS,13.9,5.5,194.0,2.0,1,1500,0,0,0,0,2,0
CF,RW19,52.070000,5.877000,0,DNS,13.9,1.5,194.0,4.0,1,214,0,0,0,0,3,0
CF,D194B,52.025511,5.856853,0,DLN,194.0,2.0,194.0,2.8,0,0,0,0,0,0,0,1
CF,D128F,51.991764,5.994719,1,DLN,128.0,6.0,128.0,3.0,0,0,0,0,0,0,0,1
DF,D058H,52.121667,6.062000,1, ,0.0,0.0,1,2000,0,0,0,0,0,0

APPTR,T01,01,D033D
IF,D033D,52.111167,5.936333, ,0.0,0.0,4,3000,2000,0,0,0,1,0
CF,DLN,52.057347,5.872631,0,DLN,0.0,0.0,213.0,4.0,0,0,0,0,0,0,0,0
FD,DLN,52.057347,5.872631,0,DLN,0.0,6.0,213.0,6.0,2,2000,0,0,0,0,0,0
CF,CT01,51.964097,5.814692,1,DLN,198.0,6.0,18.0,1.0,0,0,0,0,0,0,0,0

APPTR,T01,01,D238H
IF,D238H,51.992833,5.683833, ,0.0,0.0,3,3000,0,0,0,0,1,0
AF,D198H,51.933006,5.795433,1,DLN,198.0,8.0,238.0,0,0,0,0,0,0,0,0
CF,CT01,51.964097,5.814692,0,DLN,198.0,6.0,18.0,2.0,0,0,0,0,0,0,0,0

FINAL,T01,01,D,8
IF,CT01,51.964097,5.814692,DLN,198.0,6.0,2,1600,0,0,0,0,0,0
IF,CT01,51.964097,5.814692,DLN,198.0,6.0,2,1600,0,0,0,0,0,0
CF,FT01,51.995183,5.833978,0,DLN,198.0,4.0,18.0,2.0,2,1600,0,0,0,0,2,0
CF,FT01,51.995183,5.833978,0,DLN,198.0,4.0,18.0,2.0,2,1600,0,0,0,0,2,0
CF,26TAC,52.016942,5.847494,0,DLN,198.0,2.6,18.0,1.4,2,590,0,0,0,0,0,0
CF,26TAC,52.016942,5.847494,0,DLN,198.0,2.6,18.0,1.4,2,590,0,0,0,0,0,0
CF,DLN,52.057347,5.872631,0,DLN,0.0,0.0,18.0,2.6,1,317,0,0,0,0,3,0
CF,DLN,52.057347,5.872631,0,DLN,0.0,0.0,18.0,2.6,1,317,0,0,0,0,3,0
FD,DLN,52.057347,5.872631,0,DLN,0.0,4.0,18.0,4.0,0,0,0,0,0,0,0,0
FD,DLN,52.057347,5.872631,0,DLN,0.0,5.0,18.0,5.0,0,0,0,0,0,0,0,0
CF,DLN,52.057347,5.872631,2,DLN,0.0,0.0,238.0,5.0,0,0,0,0,0,0,0,0
CF,D033D,52.111167,5.936333,2,DLN,33.1,4.0,213.0,1.0,1,1500,0,0,0,0,0,0
CF,D238H,51.992833,5.683833,0,DLN,238.1,8.0,238.0,8.0,1,2000,0,0,0,0,0,0

APPTR,T19,19,D058F
IF,D058F,52.105500,6.014500, ,0.0,0.0,3,3000,0,0,0,0,1,0
CI,0, ,0.0,58.0,0,0,0,0,0,0,0,0
AF,D014H,52.184667,5.935964,1,DLN,14.0,8.0,58.0,0,0,0,0,0,0,0,0
CF,D014G,52.168753,5.928028,0,DLN,14.0,7.0,194.0,1.0,2,1600,0,0,0,0,0,0
CF,CT19,52.152839,5.920097,0,DLN,14.0,6.0,194.0,1.0,0,0,0,0,0,0,0,0

APPTR,T19,19,D058H
IF,D058H,52.121667,6.062000, ,0.0,0.0,3,3000,0,0,0,0,1,0
AF,D014H,52.184667,5.935964,1,DLN,14.0,8.0,58.0,0,0,0,0,0,0,0,0
CF,D014G,52.168753,5.928028,0,DLN,14.0,7.0,194.0,1.0,2,1600,0,0,0,0,0,0
CF,CT19,52.152839,5.920097,0,DLN,14.0,6.0,194.0,1.0,0,0,0,0,0,0,0,0

FINAL,T19,19,D,8
IF,CT19,52.152839,5.920097,DLN,14.0,6.0,2,1500,0,0,0,0,0,0
IF,CT19,52.152839,5.920097,DLN,14.0,6.0,2,1500,0,0,0,0,0,0
CF,FT19,52.133742,5.910586,0,DLN,14.0,4.8,194.0,1.2,2,1500,0,0,0,0,2,0
CF,FT19,52.133742,5.910586,0,DLN,14.0,4.8,194.0,1.2,2,1500,0,0,0,0,2,0
CF,40TAC,52.121011,5.904253,0,DLN,14.0,4.0,194.0,0.8,2,1160,0,0,0,0,0,0
CF,40TAC,52.121011,5.904253,0,DLN,14.0,4.0,194.0,0.8,2,1160,0,0,0,0,0,0
CF,MT19,52.073264,5.880525,0,DLN,14.0,1.0,194.0,3.0,1,281,0,0,0,0,3,0
CF,MT19,52.073264,5.880525,0,DLN,14.0,1.0,194.0,3.0,1,281,0,0,0,0,3,0
CF,D194B,52.025511,5.856853,0,DLN,194.0,2.0,194.0,3.0,0,0,0,0,0,0,0,1
CF,D194B,52.025511,5.856853,0,DLN,194.0,2.0,194.0,3.0,0,0,0,0,0,0,0,1
CF,D128D,52.013639,5.954061,1,DLN,128.0,4.0,128.0,2.0,0,0,0,0,0,0,0,1
CF,D128F,51.991764,5.994719,1,DLN,128.0,6.0,128.0,3.0,0,0,0,0,0,0,0,1
DF,D058F,52.105500,6.014500,1, ,0.0,0.0,1,2000,0,0,0,0,0,0
DF,D058H,52.121667,6.062000,1, ,0.0,0.0,1,2000,0,0,0,0,0,0

