SID,GR1,28,2
CD, ,0,0,0,GZR,0,0.0,279.0,1.3,0,0,0,0,0,0,0,0
CF,D267E,51.564506,4.800000,0,EHV,286.2,22.7,267.0,3.0,0,0,0,0,0,0,0,1
CI,0, ,0.0,267.0,0,0,0,0,0,0,0,0
AF,D017I,51.707658,5.012025,2,GZR,17.0,9.0,267.0,3,9000,0,0,0,0,0,0
CF,D022P,51.809211,5.108272,0,EHV,333.4,23.9,22.0,6.0,0,0,0,0,0,0,0,1
VI,2, ,0.0,182.0,0,0,0,0,0,0,0,0
CF,GZR,51.566036,4.933522,0,EHV,291.3,18.0,227.0,14.0,0,0,0,0,0,0,0,0

SID,GR3,10,2
CD, ,0,0,0,GZR,0,0.0,99.0,1.0,0,0,0,0,0,0,0,0
CF,GZR05,51.532119,5.055431,0,EHV,291.0,13.0,112.0,4.0,0,0,0,0,0,0,0,1
CI,0, ,0.0,112.0,0,0,0,0,0,0,0,0
AF,D032I,51.690158,5.068308,1,GZR,32.0,9.0,112.0,0,0,0,0,0,0,0,1
CF,D022P,51.809211,5.108272,0,EHV,333.4,23.9,22.0,7.0,0,0,0,0,0,0,0,1
VI,2, ,0.0,182.0,0,0,0,0,0,0,0,0
CF,GZR,51.566036,4.933522,0,EHV,291.3,18.0,227.0,14.0,0,0,0,0,0,0,0,0

APPTR,I28,28,D067J
IF,D067J,51.625500,5.183000, ,0.0,0.0,3,3000,0,0,0,0,1,0
AF,D099K,51.534822,5.195786,2,GZR,99.0,10.0,67.0,0,0,0,0,0,0,0,0
CF,CI28,51.543233,5.145092,0,GZO,98.2,9.0,279.0,2.0,2,2000,0,0,0,0,0,0

FINAL,I28,28,I,3
IF,CI28,51.543233,5.145092,GZO,98.2,9.0,2,2000,0,0,0,0,0,0
CF,FI28,51.552200,5.066300,0,GZO,98.2,6.0,279.0,3.0,1,1500,0,0,0,0,2,0
CF,RW28,51.565333,4.950000,0,GZO,98.2,1.5,279.0,4.4,1,90,0,0,0,0,3,0
CA,0,279.0,2,450,0,0,0,0,0,0
CF,D282B,51.574078,4.881681,0,GZR,282.0,2.0,282.0,2.0,0,0,0,0,0,0,0,1
VI,2, ,0.0,97.0,0,0,0,0,0,0,0,0
CF,D067J,51.625500,5.183000,0,GZR,67.0,10.0,67.0,3.0,1,3000,0,0,0,0,0,0

APPTR,T10,10,D032J
IF,D032J,51.704000,5.083000, ,0.0,0.0,3,19500,0,0,0,0,1,0
CF,D032P,51.786589,5.173653,0,GZR,32.0,16.0,32.0,6.0,0,0,0,0,0,0,0,1
CR,1,GZR,17.0,290.0,3,9000,0,0,0,0,0,0
CF,D007P,51.829067,5.000761,1,GZR,7.0,16.0,187.0,4.0,0,0,0,0,0,0,0,0
CI,0, ,0.0,187.0,0,0,0,0,0,0,0,0
AF,D294J,51.638758,4.693075,1,GZR,294.0,10.0,7.0,2,2000,0,0,0,0,0,0
AF,D281J,51.603192,4.673061,1,GZR,281.0,10.0,294.0,0,0,0,0,0,0,0,0
CF,FT10,51.588397,4.777297,0,GZR,281.0,6.0,101.0,4.0,2,1500,0,0,0,0,0,0

APPTR,T10,10,D313J
IF,D313J,51.685667,4.747333, ,0.0,0.0,1,3000,0,0,0,0,1,0
AF,D281J,51.603192,4.673061,1,GZR,281.0,10.0,313.0,0,0,0,0,0,0,0,0
CF,FT10,51.588397,4.777297,0,GZR,281.0,6.0,101.0,4.0,2,1500,0,0,0,0,0,0

APPTR,T10,10,EHV
IF,EHV,51.448167,5.374944, ,0.0,0.0,0,0,0,0,0,0,0,0
TF,D313J,51.685667,4.747333,0, ,0.0,0.0,0.0,0.0,1,3000,0,0,0,0,1,0
AF,D281J,51.603192,4.673061,1,GZR,281.0,10.0,313.0,0,0,0,0,0,0,0,0
CF,FT10,51.588397,4.777297,0,GZR,281.0,6.0,101.0,4.0,2,1500,0,0,0,0,0,0

APPTR,T10,10,VKL
IF,VKL,51.655431,5.706978, ,0.0,0.0,0,0,0,0,0,0,0,0
TF,D313J,51.685667,4.747333,0, ,0.0,0.0,0.0,0.0,1,3000,0,0,0,0,1,0
AF,D281J,51.603192,4.673061,1,GZR,281.0,10.0,313.0,0,0,0,0,0,0,0,0
CF,FT10,51.588397,4.777297,0,GZR,281.0,6.0,101.0,4.0,2,1500,0,0,0,0,0,0

FINAL,T10,10,D,3
IF,FT10,51.588397,4.777297,GZR,281.0,6.0,2,1500,0,0,0,0,2,0
CF,30TAC,51.577242,4.855428,0,GZR,281.0,3.0,101.0,3.0,2,580,0,0,0,0,0,0
CF,MT10,51.569775,4.907494,0,GZR,281.0,1.0,101.0,2.0,1,165,0,0,0,0,3,0
CF,GZR,51.566036,4.933522,0,GZR,0.0,0.0,101.0,1.0,2,450,0,0,0,0,0,0
FD,GZR,51.566036,4.933522,0,GZR,0.0,2.0,97.0,2.0,0,0,0,0,0,0,0,0
DF,D313J,51.685667,4.747333,1, ,0.0,0.0,1,3000,0,0,0,0,0,0

APPTR,T101,10,D192D
IF,D192D,51.501500,4.907500, ,0.0,0.0,4,3000,2500,0,0,0,1,0
AF,D267D,51.564825,4.826703,2,GZR,267.0,4.0,192.0,2,1400,0,0,0,0,0,0
CF,FT101,51.577356,4.854647,0,GZR,281.0,3.0,101.0,1.0,2,1000,0,0,0,0,0,0

FINAL,T101,10,D,2
IF,FT101,51.577356,4.854647,GZR,281.0,3.0,2,1000,0,0,0,0,2,0
CF,MT101,51.569775,4.907494,0,GZR,281.0,1.0,101.0,2.0,1,185,0,0,0,0,3,0
CA,0,101.0,2,450,0,0,0,0,0,0
FD,GZR,51.566036,4.933522,0,GZR,0.0,3.0,177.0,3.0,0,0,0,0,0,0,0,0
DF,D192D,51.501500,4.907500,0, ,0.0,0.0,1,2500,0,0,0,0,0,0

APPTR,T204,20,D347G
IF,D347G,51.680333,4.897000, ,0.0,0.0,4,3000,2500,0,0,0,1,0
AF,D024G,51.670733,5.015669,2,GZR,24.0,7.0,347.0,0,0,0,0,0,0,0,0
CF,D024F,51.655781,5.003911,0,GZR,24.0,6.0,204.0,1.0,2,1400,0,0,0,0,0,0
CF,FT204,51.625869,4.980417,0,GZR,24.0,4.0,204.0,2.0,2,1000,0,0,0,0,0,0

FINAL,T204,20,D,3
IF,FT204,51.625869,4.980417,GZR,24.0,4.0,2,1000,0,0,0,0,2,0
CF,20TAC,51.595956,4.956953,0,GZR,24.0,2.0,204.0,2.0,2,500,0,0,0,0,0,0
CF,RW20,51.571833,4.941833,0,GZR,39.8,0.5,204.0,1.6,1,86,0,0,0,0,3,0
CA,0,204.0,2,450,0,0,0,0,0,0
CF,D337F,51.659261,4.875972,2,GZR,337.0,6.0,337.0,6.0,0,0,0,0,0,0,0,1
DF,D347G,51.680333,4.897000,0, ,0.0,0.0,1,2500,0,0,0,0,0,0

APPTR,T277,27,D187D
IF,D187D,51.500167,4.917333, ,0.0,0.0,4,3000,2500,0,0,0,1,0
AF,D112D,51.538911,5.031064,1,GZR,112.0,4.0,187.0,2,1600,0,0,0,0,0,0
CF,FT277,51.558197,5.012647,0,GZR,97.0,3.0,277.0,1.0,2,1100,0,0,0,0,0,0

FINAL,T277,27,D,2
IF,FT277,51.558197,5.012647,GZR,97.0,3.0,2,1100,0,0,0,0,2,0
CF,MT277,51.563428,4.959900,0,GZR,97.0,1.0,277.0,2.0,1,254,0,0,0,0,3,0
CA,0,277.0,2,450,0,0,0,0,0,0
FD,GZR,51.566036,4.933522,0,GZR,0.0,3.0,202.0,3.0,0,0,0,0,0,0,0,0
DF,D187D,51.500167,4.917333,0, ,0.0,0.0,1,2500,0,0,0,0,0,0

APPTR,T28,28,D032J
IF,D032J,51.704000,5.083000, ,0.0,0.0,3,19500,0,0,0,0,1,0
CF,D032P,51.786589,5.173653,0,GZR,32.0,16.0,32.0,6.0,0,0,0,0,0,0,0,1
CR,1,GZR,17.0,290.0,3,9000,0,0,0,0,0,0
CF,D007P,51.829067,5.000761,1,GZR,7.0,16.0,187.0,4.0,0,0,0,0,0,0,0,0
CI,0, ,0.0,187.0,0,0,0,0,0,0,0,0
AF,D086J,51.571542,5.200483,2,GZR,86.0,10.0,7.0,2,2000,0,0,0,0,0,0
AF,D097J,51.539697,5.197172,2,GZR,97.0,10.0,86.0,0,0,0,0,0,0,0,0
CF,FT28,51.550303,5.091747,0,GZR,97.0,6.0,277.0,4.0,2,1500,0,0,0,0,0,0

APPTR,T28,28,D067J
IF,D067J,51.625500,5.183000, ,0.0,0.0,3,3000,0,0,0,0,1,0
AF,D097J,51.539697,5.197172,2,GZR,97.0,10.0,67.0,0,0,0,0,0,0,0,0
CF,FT28,51.550303,5.091747,0,GZR,97.0,6.0,277.0,4.0,2,1500,0,0,0,0,0,0

APPTR,T28,28,VKL
IF,VKL,51.655431,5.706978, ,0.0,0.0,0,0,0,0,0,0,0,0
TF,D067J,51.625500,5.183000,0, ,0.0,0.0,0.0,0.0,3,3000,0,0,0,0,1,0
AF,D097J,51.539697,5.197172,2,GZR,97.0,10.0,67.0,0,0,0,0,0,0,0,0
CF,FT28,51.550303,5.091747,0,GZR,97.0,6.0,277.0,4.0,2,1500,0,0,0,0,0,0

APPTR,T28,28,WDT
IF,WDT,51.447400,4.343925, ,0.0,0.0,0,0,0,0,0,0,0,0
TF,D067J,51.625500,5.183000,0, ,0.0,0.0,0.0,0.0,3,3000,0,0,0,0,1,0
AF,D097J,51.539697,5.197172,2,GZR,97.0,10.0,67.0,0,0,0,0,0,0,0,0
CF,FT28,51.550303,5.091747,0,GZR,97.0,6.0,277.0,4.0,2,1500,0,0,0,0,0,0

FINAL,T28,28,D,3
IF,FT28,51.550303,5.091747,GZR,97.0,6.0,2,1500,0,0,0,0,2,0
CF,37TAC,51.556358,5.031108,0,GZR,97.0,3.7,277.0,2.3,2,780,0,0,0,0,0,0
CF,MT28,51.563428,4.959900,0,GZR,97.0,1.0,277.0,2.7,1,213,0,0,0,0,3,0
CF,GZR,51.566036,4.933522,0,GZR,0.0,0.0,277.0,1.0,2,450,0,0,0,0,0,0
FD,GZR,51.566036,4.933522,0,GZR,0.0,2.0,282.0,2.0,0,0,0,0,0,0,0,0
DF,D067J,51.625500,5.183000,2, ,0.0,0.0,1,3000,0,0,0,0,0,0

