SID,ATRI3L,03,5
CF,KD400,52.929917,4.787778,0,EEL,257.1,69.5,32.0,1.0,0,0,0,0,0,0,0,1
CF,KD401,52.944500,4.858500,0,EEL,257.3,66.8,54.0,3.0,0,0,0,0,0,0,0,1
CF,KD403,52.988833,4.715972,1,EEL,260.3,71.4,278.0,5.0,0,0,0,0,0,0,0,0
TF,ATRIX,53.138478,4.624639,0, ,0.0,0.0,0.0,0.0,0,0,0,0,0,0,0,0

SID,ATRI3M,21,5
CA,0,212.0,2,400,0,0,0,0,0,0
CF,KD407,52.928556,4.691333,0,EEL,257.6,72.9,294.0,3.0,0,0,0,0,0,0,0,0
TF,ATRIX,53.138478,4.624639,0, ,0.0,0.0,0.0,0.0,0,0,0,0,0,0,0,0

SID,ATRI3N,03,5
CF,KD400,52.929917,4.787778,0,EEL,257.1,69.5,32.0,1.0,0,0,0,0,0,0,0,1
CF,KD401,52.944500,4.858500,0,EEL,257.3,66.8,54.0,3.0,0,0,0,0,0,0,0,1
CF,KD402,52.985472,4.747639,1,EEL,260.0,70.3,278.0,4.0,0,0,0,0,0,0,0,0
TF,KD405,53.030639,4.737222,0, ,0.0,0.0,0.0,0.0,0,0,0,0,0,0,0,0
TF,ATRIX,53.138478,4.624639,0, ,0.0,0.0,0.0,0.0,0,0,0,0,0,0,0,0

SID,ATRI4P,21,5
CA,0,212.0,2,400,0,0,0,0,0,0
DF,HDR,52.906833,4.765750,0, ,0.0,0.0,0,0,0,0,0,0,0,1
CF,KD401,52.944500,4.858500,1,EEL,257.3,66.8,54.0,3.0,0,0,0,0,0,0,0,1
CF,KD403,52.988833,4.715972,1,EEL,260.3,71.4,278.0,5.0,0,0,0,0,0,0,0,0
TF,ATRIX,53.138478,4.624639,0, ,0.0,0.0,0.0,0.0,0,0,0,0,0,0,0,0

SID,ATRI4Q,21,5
CA,0,212.0,2,400,0,0,0,0,0,0
DF,HDR,52.906833,4.765750,0, ,0.0,0.0,0,0,0,0,0,0,0,1
CF,KD401,52.944500,4.858500,1,EEL,257.3,66.8,54.0,3.0,0,0,0,0,0,0,0,1
CF,KD402,52.985472,4.747639,1,EEL,260.0,70.3,278.0,4.0,0,0,0,0,0,0,0,0
TF,KD405,53.030639,4.737222,0, ,0.0,0.0,0.0,0.0,0,0,0,0,0,0,0,0
TF,ATRIX,53.138478,4.624639,0, ,0.0,0.0,0.0,0.0,0,0,0,0,0,0,0,0

SID,GIKO3L,03,5
CF,KD400,52.929917,4.787778,0,EEL,257.1,69.5,32.0,1.0,0,0,0,0,0,0,0,1
CF,KD401,52.944500,4.858500,0,EEL,257.3,66.8,54.0,3.0,0,0,0,0,0,0,0,1
CF,KD404,52.993972,4.667750,1,EEL,260.8,73.1,278.0,7.0,0,0,0,0,0,0,0,0
TF,GIKOV,53.109733,4.536772,0, ,0.0,0.0,0.0,0.0,0,0,0,0,0,0,0,0

SID,GIKO3M,21,5
CA,0,212.0,2,400,0,0,0,0,0,0
CF,KD407,52.928556,4.691333,0,EEL,257.6,72.9,294.0,3.0,0,0,0,0,0,0,0,0
TF,GIKOV,53.109733,4.536772,0, ,0.0,0.0,0.0,0.0,0,0,0,0,0,0,0,0

SID,GIKO4P,21,5
CA,0,212.0,2,400,0,0,0,0,0,0
DF,HDR,52.906833,4.765750,0, ,0.0,0.0,0,0,0,0,0,0,0,1
CF,KD401,52.944500,4.858500,1,EEL,257.3,66.8,54.0,3.0,0,0,0,0,0,0,0,1
CF,KD404,52.993972,4.667750,1,EEL,260.8,73.1,278.0,7.0,0,0,0,0,0,0,0,0
TF,GIKOV,53.109733,4.536772,0, ,0.0,0.0,0.0,0.0,0,0,0,0,0,0,0,0

SID,KOLA3L,03,5
CF,KD400,52.929917,4.787778,0,EEL,257.1,69.5,32.0,1.0,0,0,0,0,0,0,0,1
CF,KD401,52.944500,4.858500,0,EEL,257.3,66.8,54.0,3.0,0,0,0,0,0,0,0,1
CF,KOLAV,53.027192,4.350000,1,EEL,263.3,84.2,278.0,18.0,0,0,0,0,0,0,0,0

SID,KOLA3M,21,5
CA,0,212.0,2,400,0,0,0,0,0,0
CF,KD407,52.928556,4.691333,0,EEL,257.6,72.9,294.0,3.0,0,0,0,0,0,0,0,0
TF,KOLAV,53.027192,4.350000,0, ,0.0,0.0,0.0,0.0,0,0,0,0,0,0,0,0

SID,KOLA4P,21,5
CA,0,212.0,2,400,0,0,0,0,0,0
DF,HDR,52.906833,4.765750,0, ,0.0,0.0,0,0,0,0,0,0,0,1
CF,KD401,52.944500,4.858500,1,EEL,257.3,66.8,54.0,3.0,0,0,0,0,0,0,0,1
CF,KOLAV,53.027192,4.350000,1,EEL,263.3,84.2,278.0,19.0,0,0,0,0,0,0,0,0

SID,LERG3L,03,5
CF,KD400,52.929917,4.787778,0,EEL,257.1,69.5,32.0,1.0,0,0,0,0,0,0,0,1
CF,KD408,52.932472,4.828833,0,EEL,256.9,68.0,82.0,1.0,0,0,0,0,0,0,0,1
CF,LERGO,52.884767,4.350000,2,EEL,257.6,85.6,263.0,18.0,0,0,0,0,0,0,0,0

SID,LERG3M,21,5
CA,0,212.0,2,400,0,0,0,0,0,0
CF,KD407,52.928556,4.691333,0,EEL,257.6,72.9,294.0,3.0,0,0,0,0,0,0,0,0
TF,LERGO,52.884767,4.350000,0, ,0.0,0.0,0.0,0.0,0,0,0,0,0,0,0,0

SID,NAKO3L,03,5
CF,KD400,52.929917,4.787778,0,EEL,257.1,69.5,32.0,1.0,0,0,0,0,0,0,0,1
CF,KD408,52.932472,4.828833,0,EEL,256.9,68.0,82.0,1.0,0,0,0,0,0,0,0,1
CF,KD406,52.902583,4.683444,2,EEL,256.5,73.5,263.0,5.0,0,0,0,0,0,0,0,0
TF,NAKON,52.779356,4.424633,0, ,0.0,0.0,0.0,0.0,0,0,0,0,0,0,0,0

SID,NAKO3M,21,5
CA,0,212.0,2,400,0,0,0,0,0,0
CF,KD407,52.928556,4.691333,0,EEL,257.6,72.9,294.0,3.0,0,0,0,0,0,0,0,0
TF,NAKON,52.779356,4.424633,0, ,0.0,0.0,0.0,0.0,0,0,0,0,0,0,0,0

SID,NEXA3L,03,5
CF,KD400,52.929917,4.787778,0,EEL,257.1,69.5,32.0,1.0,0,0,0,0,0,0,0,1
CF,KD408,52.932472,4.828833,0,EEL,256.9,68.0,82.0,1.0,0,0,0,0,0,0,0,1
CF,HDR,52.906833,4.765750,2,EEL,256.1,70.6,263.0,2.0,0,0,0,0,0,0,0,0
TF,NEXAR,52.782422,4.720236,0, ,0.0,0.0,0.0,0.0,0,0,0,0,0,0,0,0

SID,NEXA3M,21,5
CA,0,212.0,2,400,0,0,0,0,0,0
CF,NEXAR,52.782422,4.720236,0,EEL,250.8,74.2,191.0,8.0,0,0,0,0,0,0,0,0

SID,PERO3L,03,5
CF,KD400,52.929917,4.787778,0,EEL,257.1,69.5,32.0,1.0,0,0,0,0,0,0,0,1
CF,KD408,52.932472,4.828833,0,EEL,256.9,68.0,82.0,1.0,0,0,0,0,0,0,0,0
TF,PEROR,53.035119,5.029553,0, ,0.0,0.0,0.0,0.0,0,0,0,0,0,0,0,0

SID,PERO4M,21,5
CA,0,212.0,2,400,0,0,0,0,0,0
DF,HDR,52.906833,4.765750,1, ,0.0,0.0,0,0,0,0,0,0,0,1
VI,1, ,0.0,19.0,0,0,0,0,0,0,0,0
CF,PEROR,53.035119,5.029553,0,EEL,261.2,59.7,49.0,5.0,0,0,0,0,0,0,0,0

STAR,ATRI2H,ALL,5
IF,ATRIX,53.138478,4.624639, ,0.0,0.0,0,0,0,0,0,0,0,0
TF,HDR,52.906833,4.765750,0, ,0.0,0.0,0.0,0.0,0,0,0,0,0,0,0,0

STAR,ATRI2J,ALL,5
IF,ATRIX,53.138478,4.624639, ,0.0,0.0,0,0,0,0,0,0,0,0
TF,BUROG,53.044781,4.778117,0, ,0.0,0.0,0.0,0.0,0,0,0,0,0,0,0,0
TF,HDR,52.906833,4.765750,0, ,0.0,0.0,0.0,0.0,0,0,0,0,0,0,0,0

STAR,GIKO2H,ALL,5
IF,GIKOV,53.109733,4.536772, ,0.0,0.0,0,0,0,0,0,0,0,0
TF,HDR,52.906833,4.765750,0, ,0.0,0.0,0.0,0.0,0,0,0,0,0,0,0,0

STAR,GIKO2J,ALL,5
IF,GIKOV,53.109733,4.536772, ,0.0,0.0,0,0,0,0,0,0,0,0
TF,BAKLU,52.984958,4.772731,0, ,0.0,0.0,0.0,0.0,0,0,0,0,0,0,0,0
TF,HDR,52.906833,4.765750,0, ,0.0,0.0,0.0,0.0,0,0,0,0,0,0,0,0

STAR,KOLA2H,ALL,5
IF,KOLAV,53.027192,4.350000, ,0.0,0.0,0,0,0,0,0,0,0,0
TF,HDR,52.906833,4.765750,0, ,0.0,0.0,0.0,0.0,0,0,0,0,0,0,0,0

STAR,KOLA2J,ALL,5
IF,KOLAV,53.027192,4.350000, ,0.0,0.0,0,0,0,0,0,0,0,0
TF,BAKLU,52.984958,4.772731,0, ,0.0,0.0,0.0,0.0,0,0,0,0,0,0,0,0
TF,HDR,52.906833,4.765750,0, ,0.0,0.0,0.0,0.0,0,0,0,0,0,0,0,0

STAR,LERG2H,ALL,5
IF,LERGO,52.884767,4.350000, ,0.0,0.0,0,0,0,0,0,0,0,0
TF,HDR,52.906833,4.765750,0, ,0.0,0.0,0.0,0.0,0,0,0,0,0,0,0,0

STAR,NAKO1H,ALL,5
IF,NAKON,52.779356,4.424633, ,0.0,0.0,0,0,0,0,0,0,0,0
TF,HDR,52.906833,4.765750,0, ,0.0,0.0,0.0,0.0,0,0,0,0,0,0,0,0

STAR,NEXA1H,ALL,5
IF,NEXAR,52.782422,4.720236, ,0.0,0.0,0,0,0,0,0,0,0,0
TF,HDR,52.906833,4.765750,0, ,0.0,0.0,0.0,0.0,0,0,0,0,0,0,0,0

STAR,PERO2H,ALL,5
IF,PEROR,53.035119,5.029553, ,0.0,0.0,0,0,0,0,0,0,0,0
TF,HDR,52.906833,4.765750,0, ,0.0,0.0,0.0,0.0,0,0,0,0,0,0,0,0

APPTR,I21,21,HDR
IF,HDR,52.906833,4.765750, ,0.0,0.0,4,5000,2000,0,0,0,1,0
TF,SP43A,53.047783,4.749883,0, ,0.0,0.0,0.0,0.0,0,0,0,0,0,0,0,0
AF,SPL43,53.045017,4.853369,2,SPL,5.0,43.0,360.0,1,2000,0,0,0,0,0,1
CF,CI21,53.031667,4.901300,0,DKY,31.9,8.2,213.0,1.0,1,2000,0,0,0,0,0,0

FINAL,I21,21,I,6
IF,CI21,53.031667,4.901300,DKY,31.9,8.2,1,2000,0,0,0,0,0,0
IF,ZOJIK,53.039333,4.909833,DKY,31.9,8.8,2,2000,0,0,0,0,0,0
CF,FF21,53.010969,4.878156,0,DKY,31.9,6.7,212.0,1.5,1,2000,0,0,0,0,2,0
CF,FF21,53.010969,4.878156,0,DKY,31.9,6.7,212.0,2.1,1,2000,0,0,0,0,2,0
CF,RW21,52.926414,4.783883,0,DKY,31.9,0.6,212.0,6.1,1,52,0,0,0,0,3,0
CF,RW21,52.926414,4.783883,0,DKY,31.9,0.6,212.0,6.1,1,52,0,0,0,0,3,0
FA,RW21,52.926414,4.783883,0,SPL,0.0,0.0,212.0,2,1000,0,0,0,0,0,0
FA,RW21,52.926414,4.783883,0,SPL,0.0,0.0,212.0,2,500,0,0,0,0,0,0
VA,0,180.0,2,2000,0,0,0,0,0,0
VM,0,0,0,170.0,1,2000,0,0,0,0,0,0
DF,HDR,52.906833,4.765750,1, ,0.0,0.0,1,2000,0,0,0,0,0,0
HM,HDR,52.906833,4.765750,2, ,0.0,0.0,360.0,04.3,2,2000,0,0,0,0,0,0,0

APPTR,R03-Y,03,FEWEX
IF,FEWEX,52.857000,4.613667, ,0.0,0.0,2,2000,0,0,0,0,1,0
TF,KOPFA,52.845167,4.693667,0, ,0.0,0.0,0.0,0.0,2,1200,0,0,0,0,1,0

APPTR,R03-Y,03,NOFUD
IF,NOFUD,52.803667,4.647833, ,0.0,0.0,2,2000,0,0,0,0,1,0
TF,KOPFA,52.845167,4.693667,0, ,0.0,0.0,0.0,0.0,2,1200,0,0,0,0,1,0

APPTR,R03-Y,03,TAFTU
IF,TAFTU,52.804833,4.742333, ,0.0,0.0,2,2000,0,0,0,0,1,0
TF,KOPFA,52.845167,4.693667,0, ,0.0,0.0,0.0,0.0,2,1200,0,0,0,0,1,0

FINAL,R03-Y,03,R,3
IF,KOPFA,52.845167,4.693667, ,0.0,0.0,2,1200,0,0,0,0,0,0
TF,KD445,52.879667,4.732000,0, ,0.0,0.0,32.0,2.5,2,1200,0,0,0,0,2,0
TF,RW03,52.919769,4.776497,0, ,0.0,0.0,32.0,2.9,1,53,0,0,0,0,3,1
CA,0,32.0,2,1000,0,0,0,0,0,0
DF,KD444,52.938500,4.829667,2, ,0.0,0.0,0,0,0,0,0,0,0,1
DF,HDR,52.906833,4.765750,2, ,0.0,0.0,1,2000,0,0,0,0,0,0
HM,HDR,52.906833,4.765750,2, ,0.0,0.0,9.0,04.3,2,2000,0,1,140,0,0,0,0

APPTR,R03-Z,03,ASTUW
IF,ASTUW,52.774500,4.855833, ,0.0,0.0,2,2000,0,0,0,0,1,0
TF,KD441,52.766667,4.778000,0, ,0.0,0.0,0.0,0.0,2,2000,0,0,0,0,0,0
TF,EDFOS,52.772667,4.724000,0, ,0.0,0.0,0.0,0.0,2,2000,0,0,0,0,1,0

APPTR,R03-Z,03,HDR
IF,HDR,52.906833,4.765750, ,0.0,0.0,2,2000,0,0,0,0,1,0
TF,KD440,52.857667,4.862333,0, ,0.0,0.0,0.0,0.0,2,2000,0,0,0,0,0,0
TF,ASTUW,52.774500,4.855833,0, ,0.0,0.0,0.0,0.0,2,2000,0,0,0,0,0,0
TF,KD441,52.766667,4.778000,0, ,0.0,0.0,0.0,0.0,2,2000,0,0,0,0,0,0
TF,EDFOS,52.772667,4.724000,0, ,0.0,0.0,0.0,0.0,2,2000,0,0,0,0,0,0

APPTR,R03-Z,03,NIXCO
IF,NIXCO,52.757333,4.645833, ,0.0,0.0,2,2000,0,0,0,0,1,0
TF,EDFOS,52.772667,4.724000,0, ,0.0,0.0,0.0,0.0,2,2000,0,0,0,0,1,0

FINAL,R03-Z,03,R,3
IF,EDFOS,52.772667,4.724000, ,0.0,0.0,2,2000,0,0,0,0,0,0
TF,KD442,52.821833,4.739333,0, ,0.0,0.0,9.0,3.0,2,2000,0,0,0,0,2,0
TF,HDR,52.906833,4.765750,0, ,0.0,0.0,9.0,5.2,1,322,0,0,0,0,3,1
CA,0,9.0,2,1000,0,0,0,0,0,0
DF,KD444,52.938500,4.829667,2, ,0.0,0.0,0,0,0,0,0,0,0,1
DF,HDR,52.906833,4.765750,2, ,0.0,0.0,1,2000,0,0,0,0,0,0
HM,HDR,52.906833,4.765750,2, ,0.0,0.0,9.0,04.3,2,2000,0,1,140,0,0,0,0

APPTR,R21-Y,21,GOHEM
IF,GOHEM,53.039000,4.909333, ,0.0,0.0,2,2000,0,0,0,0,1,0
TF,HOXZA,52.997500,4.863167,0, ,0.0,0.0,0.0,0.0,2,1200,0,0,0,0,1,0

APPTR,R21-Y,21,LOCFU
IF,LOCFU,53.062500,4.702667, ,0.0,0.0,2,2000,0,0,0,0,1,0
TF,KD454,53.016167,4.817333,0, ,0.0,0.0,0.0,0.0,2,1500,0,0,0,0,0,0
TF,HOXZA,52.997500,4.863167,0, ,0.0,0.0,0.0,0.0,2,1200,0,0,0,0,1,0

APPTR,R21-Y,21,YOJUP
IF,YOJUP,52.969500,4.931667, ,0.0,0.0,2,2000,0,0,0,0,1,0
TF,HOXZA,52.997500,4.863167,0, ,0.0,0.0,0.0,0.0,2,1200,0,0,0,0,1,0

FINAL,R21-Y,21,R,3
IF,HOXZA,52.997500,4.863167, ,0.0,0.0,2,1200,0,0,0,0,0,0
TF,KD455,52.959500,4.820833,0, ,0.0,0.0,212.0,2.8,2,1200,0,0,0,0,2,0
TF,RW21,52.926414,4.783883,0, ,0.0,0.0,212.0,2.4,1,52,0,0,0,0,3,1
CA,0,212.0,2,500,0,0,0,0,0,0
DF,KD453,52.857000,4.764833,1, ,0.0,0.0,0,0,0,0,0,0,0,1
DF,HDR,52.906833,4.765750,2, ,0.0,0.0,1,2000,0,0,0,0,0,0
HM,HDR,52.906833,4.765750,2, ,0.0,0.0,9.0,04.3,2,2000,0,1,140,0,0,0,0

APPTR,R21-Z,21,FAFLO
IF,FAFLO,53.080667,4.956333, ,0.0,0.0,2,2000,0,0,0,0,1,0
TF,ZOJIK,53.039333,4.909833,0, ,0.0,0.0,0.0,0.0,2,1700,0,0,0,0,1,0

APPTR,R21-Z,21,HDR
IF,HDR,52.906833,4.765750, ,0.0,0.0,2,2000,0,0,0,0,1,0
TF,YOJUP,52.969500,4.931667,0, ,0.0,0.0,0.0,0.0,2,2000,0,0,0,0,0,0
TF,JOPFI,53.011333,4.978500,0, ,0.0,0.0,0.0,0.0,2,2000,0,0,0,0,0,0
TF,ZOJIK,53.039333,4.909833,0, ,0.0,0.0,0.0,0.0,2,1700,0,0,0,0,0,0

APPTR,R21-Z,21,JOPFI
IF,JOPFI,53.011333,4.978500, ,0.0,0.0,2,2000,0,0,0,0,1,0
TF,ZOJIK,53.039333,4.909833,0, ,0.0,0.0,0.0,0.0,2,1700,0,0,0,0,1,0

APPTR,R21-Z,21,PUFLA
IF,PUFLA,53.109000,4.738000, ,0.0,0.0,2,2000,0,0,0,0,1,0
TF,KD451,53.067167,4.841167,0, ,0.0,0.0,0.0,0.0,2,2000,0,0,0,0,0,0
TF,ZOJIK,53.039333,4.909833,0, ,0.0,0.0,0.0,0.0,2,1700,0,0,0,0,1,0

FINAL,R21-Z,21,R,3
IF,ZOJIK,53.039333,4.909833, ,0.0,0.0,2,1700,0,0,0,0,0,0
TF,KD452,52.997833,4.863500,0, ,0.0,0.0,212.0,3.0,2,1700,0,0,0,0,2,0
TF,RW21,52.926414,4.783883,0, ,0.0,0.0,212.0,5.2,1,52,0,0,0,0,3,1
CA,0,212.0,2,500,0,0,0,0,0,0
DF,KD453,52.857000,4.764833,1, ,0.0,0.0,0,0,0,0,0,0,0,1
DF,HDR,52.906833,4.765750,2, ,0.0,0.0,1,2000,0,1,120,0,0,0
HM,HDR,52.906833,4.765750,2, ,0.0,0.0,9.0,04.3,2,2000,0,1,140,0,0,0,0

