SID,LWD1,23,2
CA,0,233.0,2,410,0,0,0,0,0,0
CF,D238R,53.077611,5.316775,0,LWD,238.0,18.0,238.0,17.0,0,0,0,0,0,0,0,1
VI,2, ,0.0,38.0,0,0,0,0,0,0,0,0
CF,LWD,53.223633,5.751844,0,LWD,0.0,0.0,83.0,15.0,0,0,0,0,0,0,0,0

SID,LWD3,05,2
CF,D055R,53.381608,6.176692,0,LWD,55.0,18.0,55.0,17.0,0,0,0,0,0,0,0,1
VI,1, ,0.0,255.0,0,0,0,0,0,0,0,0
CF,LWD,53.223633,5.751844,0,LWD,0.0,0.0,210.0,15.0,0,0,0,0,0,0,0,0

SID,LWD5,27,2
CF,D269R,53.233042,5.252911,0,LWD,269.0,18.0,269.0,17.0,0,0,0,0,0,0,0,1
VI,2, ,0.0,70.0,0,0,0,0,0,0,0,0
CF,LWD,53.223633,5.751844,0,LWD,0.0,0.0,115.0,15.0,0,0,0,0,0,0,0,0

SID,LWD7,09,2
CA,0,87.0,2,410,0,0,0,0,0,0
FD,LWD,53.223633,5.751844,0,LWD,0.0,3.0,79.0,3.0,0,0,0,0,0,0,0,0
CI,0, ,0.0,29.0,0,0,0,0,0,0,0,0
CF,D055R,53.381608,6.176692,0,LWD,55.0,18.0,55.0,12.0,0,0,0,0,0,0,0,1
VI,1, ,0.0,255.0,0,0,0,0,0,0,0,0
CF,LWD,53.223633,5.751844,0,LWD,0.0,0.0,210.0,15.0,0,0,0,0,0,0,0,0

APPTR,I05,05,D270J
IF,D270J,53.232000,5.474833, ,0.0,0.0,4,8000,3000,0,0,0,1,0
FD,D270J,53.232000,5.474833,0,LWD,270.0,12.0,270.0,12.0,0,0,0,0,0,0,0,0
CF,CF05,53.129789,5.523239,1,LWZ,232.4,10.9,53.0,2.0,2,2000,0,0,0,0,0,0

APPTR,I05,05,D321G
IF,D321G,53.317833,5.637500, ,0.0,0.0,4,6000,3000,0,0,0,1,0
CI,0, ,0.0,141.0,0,0,0,0,0,0,0,0
AF,D241F,53.179767,5.602458,1,LWD,241.0,6.0,321.0,0,0,0,0,0,0,0,0
CF,CI053,53.184822,5.655158,0,LWZ,232.4,5.1,53.0,2.0,1,1200,0,0,0,0,0,0

FINAL,I05,05,I,6
IF,CI053,53.184822,5.655158,LWZ,232.4,5.1,1,1200,0,0,0,0,0,0
IF,CF05,53.129789,5.523239,LWZ,232.4,10.9,2,2000,0,0,0,0,0,0
CF,FI053,53.201872,5.696169,0,LWZ,232.4,3.3,53.0,1.8,1,450,0,0,0,0,2,0
CF,FF05,53.184822,5.655158,0,LWZ,232.4,5.1,53.0,5.8,1,1200,0,0,0,0,2,0
CF,RW05,53.219167,5.737833,0,LWZ,232.4,1.5,53.0,3.6,1,59,0,0,0,0,3,0
CF,RW05,53.219167,5.737833,0,LWZ,232.4,1.5,53.0,1.8,1,59,0,0,0,0,3,0
CA,0,53.0,2,410,0,0,0,0,0,0
CA,0,53.0,2,410,0,0,0,0,0,0
CF,D055A,53.232447,5.775364,0,LWD,55.0,1.0,55.0,1.0,2,1200,0,0,0,0,0,1
CF,D055A,53.232447,5.775364,0,LWD,55.0,1.0,55.0,1.0,1,1200,0,0,0,0,0,0
DF,D321G,53.317833,5.637500,1, ,0.0,0.0,1,3000,0,0,0,0,0,0
FA,D055A,53.232447,5.775364,0,LWD,0.0,0.0,55.0,2,3000,0,0,0,0,0,0
DF,D270J,53.232000,5.474833,1, ,0.0,0.0,1,3000,0,0,0,0,0,0

APPTR,I09,09,D302J
IF,D302J,53.318167,5.523333, ,0.0,0.0,4,8000,3000,0,0,0,1,0
FD,D302J,53.318167,5.523333,0,LWD,302.0,12.0,302.0,12.0,0,0,0,0,0,0,0,0
CF,CF09,53.228306,5.473597,1,WOL,267.1,10.8,87.0,3.0,2,2000,0,0,0,0,0,0

FINAL,I09,09,I,3
IF,CF09,53.228306,5.473597,WOL,267.1,10.8,2,2000,0,0,0,0,0,0
CF,FF09,53.228497,5.639992,0,WOL,267.1,4.8,87.0,6.0,1,1200,0,0,0,0,2,0
CF,RW09,53.228500,5.740667,0,WOL,267.1,1.1,87.0,3.6,1,55,0,0,0,0,3,0
CA,0,87.0,2,410,0,0,0,0,0,0
CF,D087A,53.223628,5.779572,0,LWD,87.0,1.0,87.0,1.0,1,1200,0,0,0,0,0,0
FA,D087A,53.223628,5.779572,0,LWD,0.0,0.0,87.0,2,3000,0,0,0,0,0,0
DF,D302J,53.318167,5.523333,1, ,0.0,0.0,1,3000,0,0,0,0,0,0

APPTR,I23,23,D013J
IF,D013J,53.383000,5.831833, ,0.0,0.0,4,8000,3000,0,0,0,1,0
FD,D013J,53.383000,5.831833,0,LWD,13.7,12.0,13.0,12.0,0,0,0,0,0,0,0,0
CF,CF23,53.318275,5.979314,2,LWO,52.5,10.7,233.0,3.0,2,2000,0,0,0,0,0,0

APPTR,I23,23,D321G
IF,D321G,53.317833,5.637500, ,0.0,0.0,4,6000,3000,0,0,0,1,0
CI,0, ,0.0,141.0,0,0,0,0,0,0,0,0
AF,D042F,53.294178,5.869681,2,LWD,42.0,6.0,321.0,0,0,0,0,0,0,0,0
CI,0,LWO,0.0,203.0,0,0,0,0,0,0,0,0

FINAL,I23,23,I,6
IF,CI233,53.283550,5.894436,LWO,52.5,7.0,1,1200,0,0,0,0,0,0
IF,CF23,53.318275,5.979314,LWO,52.5,10.7,2,2000,0,0,0,0,0,0
CF,FF23,53.264756,5.848614,0,LWO,52.5,5.0,233.0,5.7,1,1200,0,0,0,0,2,0
CF,FF23,53.264756,5.848614,0,LWO,52.5,5.0,233.0,2.0,1,1200,0,0,0,0,2,0
CF,RW23,53.231333,5.767333,0,LWO,52.5,1.4,233.0,3.6,1,51,0,0,0,0,3,0
CF,RW23,53.231333,5.767333,0,LWO,52.5,1.4,233.0,3.6,1,51,0,0,0,0,3,0
CA,0,233.0,2,410,0,0,0,0,0,0
CA,0,233.0,2,410,0,0,0,0,0,0
CF,D235A,53.214811,5.728333,0,LWD,235.0,1.0,235.0,1.0,1,1200,0,0,0,0,0,0
CF,D235A,53.214811,5.728333,0,LWD,235.0,1.0,235.0,1.0,2,1200,0,0,0,0,0,1
DF,D321G,53.317833,5.637500,2, ,0.0,0.0,1,3000,0,0,0,0,0,0
FA,D235A,53.214811,5.728333,0,LWD,0.0,0.0,235.0,2,3000,0,0,0,0,0,0
DF,D013J,53.383000,5.831833,2, ,0.0,0.0,1,3000,0,0,0,0,0,0

APPTR,I27,27,D052J
IF,D052J,53.319500,5.978667, ,0.0,0.0,4,8000,3000,0,0,0,1,0
FD,D052J,53.319500,5.978667,0,LWD,52.0,12.0,52.0,12.0,0,0,0,0,0,0,0,0
CF,CF27,53.227503,6.028617,2,LOB,87.2,10.5,267.0,3.0,2,2000,0,0,0,0,0,0

FINAL,I27,27,I,3
IF,CF27,53.227503,6.028617,LOB,87.2,10.5,2,2000,0,0,0,0,0,0
CF,FF27,53.228186,5.867775,0,LOB,87.2,4.7,267.0,5.8,1,1200,0,0,0,0,2,0
CF,RW27,53.228500,5.769667,0,LOB,87.2,1.1,267.0,3.5,1,52,0,0,0,0,3,0
CA,0,267.0,2,410,0,0,0,0,0,0
CF,D267A,53.223628,5.724114,0,LWD,267.0,1.0,267.0,1.0,1,1200,0,0,0,0,0,0
FA,D267A,53.223628,5.724114,0,LWD,0.0,0.0,267.0,2,3000,0,0,0,0,0,0
DF,D052J,53.319500,5.978667,2, ,0.0,0.0,1,3000,0,0,0,0,0,0

APPTR,R05-Y,05,DUTCU
IF,DUTCU,53.197128,5.538650, ,0.0,0.0,2,1500,0,0,0,0,1,0
TF,BOCOC,53.156106,5.586011,0, ,0.0,0.0,0.0,0.0,2,1500,0,0,0,0,1,0

APPTR,R05-Y,05,TOHAR
IF,TOHAR,53.127642,5.517797, ,0.0,0.0,2,1500,0,0,0,0,1,0
TF,BOCOC,53.156106,5.586011,0, ,0.0,0.0,0.0,0.0,2,1500,0,0,0,0,1,0

APPTR,R05-Y,05,VEFKI
IF,VEFKI,53.115064,5.633281, ,0.0,0.0,2,1500,0,0,0,0,1,0
TF,BOCOC,53.156106,5.586011,0, ,0.0,0.0,0.0,0.0,2,1500,0,0,0,0,1,0

FINAL,R05-Y,05,R,3
IF,BOCOC,53.156106,5.586011, ,0.0,0.0,2,1500,0,0,0,0,0,0
TF,LW444,53.184500,5.654333,0, ,0.0,0.0,53.0,3.0,2,1500,0,0,0,0,2,0
TF,RW05,53.219167,5.737833,0, ,0.0,0.0,53.0,3.7,1,54,0,0,0,0,3,1
CA,0,53.0,2,1200,0,0,0,0,0,0
DF,DUTCU,53.197128,5.538650,1, ,0.0,0.0,2,1500,0,0,0,0,0,0

APPTR,R05-Z,05,LW414
IF,LW414,53.076833,5.396667, ,0.0,0.0,2,2000,0,0,0,0,1,0
TF,LW413,53.124500,5.510167,0, ,0.0,0.0,0.0,0.0,2,2000,0,0,0,0,1,0

APPTR,R05-Z,05,LW415
IF,LW415,53.172333,5.397000, ,0.0,0.0,2,2000,0,0,0,0,1,0
TF,LW413,53.124500,5.510167,0, ,0.0,0.0,0.0,0.0,2,2000,0,0,0,0,1,0

APPTR,R05-Z,05,LW416
IF,LW416,53.044000,5.545333, ,0.0,0.0,2,2000,0,0,0,0,1,0
TF,LW413,53.124500,5.510167,0, ,0.0,0.0,0.0,0.0,2,2000,0,0,0,0,1,0

FINAL,R05-Z,05,R,3
IF,LW413,53.124500,5.510167, ,0.0,0.0,2,2000,0,0,0,0,0,0
TF,LW412,53.161333,5.598500,0, ,0.0,0.0,53.0,3.9,2,2000,0,0,0,0,2,0
TF,RW05,53.219167,5.737833,0, ,0.0,0.0,53.0,6.1,1,54,0,0,0,0,3,1
CA,0,53.0,2,1200,0,0,0,0,0,0
CA,0,56.0,2,3000,0,0,0,0,0,0
DF,LW415,53.172333,5.397000,1, ,0.0,0.0,0,0,0,0,0,0,0,0

APPTR,R23-Y,23,IPCOL
IF,IPCOL,53.335353,5.872403, ,0.0,0.0,2,1500,0,0,0,0,1,0
TF,LIWOB,53.294200,5.919597,0, ,0.0,0.0,0.0,0.0,2,1500,0,0,0,0,1,0

APPTR,R23-Y,23,RACLE
IF,RACLE,53.253031,5.966703, ,0.0,0.0,2,1500,0,0,0,0,1,0
TF,LIWOB,53.294200,5.919597,0, ,0.0,0.0,0.0,0.0,2,1500,0,0,0,0,1,0

APPTR,R23-Y,23,XOZEP
IF,XOZEP,53.322431,5.988342, ,0.0,0.0,2,1500,0,0,0,0,1,0
TF,LIWOB,53.294200,5.919597,0, ,0.0,0.0,0.0,0.0,2,1500,0,0,0,0,1,0

FINAL,R23-Y,23,R,3
IF,LIWOB,53.294200,5.919597, ,0.0,0.0,2,1500,0,0,0,0,0,0
TF,LW434,53.265833,5.851000,0, ,0.0,0.0,233.0,3.0,2,1500,0,0,0,0,2,0
TF,RW23,53.231333,5.767333,0, ,0.0,0.0,233.0,3.7,1,54,0,0,0,0,3,1
CA,0,233.0,2,1200,0,0,0,0,0,0
DF,IPCOL,53.335353,5.872403,2, ,0.0,0.0,2,1500,0,0,0,0,0,0

APPTR,R23-Z,23,LW404
IF,LW404,53.372500,6.110833, ,0.0,0.0,2,2000,0,0,0,0,1,0
TF,LW403,53.325667,5.996167,0, ,0.0,0.0,0.0,0.0,2,2000,0,0,0,0,1,0

APPTR,R23-Z,23,LW405
IF,LW405,53.406000,5.961833, ,0.0,0.0,2,2000,0,0,0,0,1,0
TF,LW403,53.325667,5.996167,0, ,0.0,0.0,0.0,0.0,2,2000,0,0,0,0,1,0

APPTR,R23-Z,23,LW406
IF,LW406,53.276833,6.109333, ,0.0,0.0,2,2000,0,0,0,0,1,0
TF,LW403,53.325667,5.996167,0, ,0.0,0.0,0.0,0.0,2,2000,0,0,0,0,1,0

FINAL,R23-Z,23,R,3
IF,LW403,53.325667,5.996167, ,0.0,0.0,2,2000,0,0,0,0,0,0
TF,LW402,53.289000,5.907000,0, ,0.0,0.0,233.0,3.9,2,2000,0,0,0,0,2,0
TF,RW23,53.231333,5.767333,0, ,0.0,0.0,233.0,6.1,1,54,0,0,0,0,3,1
CA,0,233.0,2,1200,0,0,0,0,0,0
CA,0,236.0,2,3000,0,0,0,0,0,0
DF,LW405,53.406000,5.961833,2, ,0.0,0.0,0,0,0,0,0,0,0,0

APPTR,T05,05,D268J
IF,D268J,53.226167,5.474500, ,0.0,0.0,3,19500,0,0,0,0,1,0
CF,D268P,53.227453,5.308203,0,LWD,268.0,16.0,268.0,6.0,0,0,0,0,0,0,0,1
DF,D235P,53.081942,5.376828,1, ,0.0,0.0,0,0,0,0,0,0,0,0
CF,D235J,53.135214,5.517169,0,LWD,235.0,10.0,55.0,6.0,2,2000,0,0,0,0,0,0
CF,FT05,53.179481,5.634386,0,LWD,235.0,5.0,55.0,5.0,1,1200,0,0,0,0,0,0

APPTR,T05,05,D270J
IF,D270J,53.232000,5.474833, ,0.0,0.0,4,8000,3000,0,0,0,1,0
FD,D270J,53.232000,5.474833,0,LWD,270.0,12.0,270.0,12.0,0,0,0,0,0,0,0,0
DF,D235L,53.117475,5.470350,1, ,0.0,0.0,0,0,0,0,0,0,0,0
CF,D235J,53.135214,5.517169,0,LWD,235.0,10.0,55.0,2.0,2,2000,0,0,0,0,0,0
CF,FT05,53.179481,5.634386,0,LWD,235.0,5.0,55.0,5.0,1,1200,0,0,0,0,0,0

APPTR,T05,05,D321G
IF,D321G,53.317833,5.637500, ,0.0,0.0,4,6000,3000,0,0,0,1,0
CI,0, ,0.0,141.0,0,0,0,0,0,0,0,0
AF,D235F,53.170636,5.610922,1,LWD,235.0,6.0,321.0,0,0,0,0,0,0,0,0
CF,FT055,53.197156,5.681339,0,LWD,235.0,3.0,55.0,3.0,1,1200,0,0,0,0,0,0

FINAL,T05,05,D,6
IF,FT055,53.197156,5.681339,LWD,235.0,3.0,1,1200,0,0,0,0,2,0
IF,FT05,53.179481,5.634386,LWD,235.0,5.0,1,1200,0,0,0,0,2,0
CF,24TAC,53.202453,5.695433,0,LWD,235.0,2.4,55.0,0.6,2,450,0,0,0,0,0,0
CF,24TAC,53.202453,5.695433,0,LWD,235.0,2.4,55.0,2.6,2,460,0,0,0,0,0,0
CF,MT055,53.214811,5.728333,0,LWD,235.0,1.0,55.0,1.4,1,261,0,0,0,0,3,0
CF,MT05,53.214811,5.728333,0,LWD,235.0,1.0,55.0,1.4,1,196,0,0,0,0,3,0
CF,LWD,53.223633,5.751844,0,LWD,0.0,0.0,55.0,1.0,0,0,0,0,0,0,0,0
CF,LWD,53.223633,5.751844,0,LWD,0.0,0.0,55.0,1.0,0,0,0,0,0,0,0,0
CF,D055A,53.232447,5.775364,0,LWD,55.0,1.0,55.0,1.0,0,0,0,0,0,0,0,1
CF,D055A,53.232447,5.775364,0,LWD,55.0,1.0,55.0,1.0,1,1200,0,0,0,0,0,0
CA,0,55.0,2,1200,0,0,0,0,0,0
FA,D055A,53.232447,5.775364,0,LWD,0.0,0.0,55.0,2,3000,0,0,0,0,0,0
DF,D321G,53.317833,5.637500,1, ,0.0,0.0,1,3000,0,0,0,0,0,0
DF,D270J,53.232000,5.474833,1, ,0.0,0.0,1,3000,0,0,0,0,0,0

APPTR,T09,09,D314J
IF,D314J,53.345167,5.562167, ,0.0,0.0,3,19500,0,0,0,0,1,0
CF,D314P,53.417972,5.447886,0,LWD,314.0,16.0,314.0,6.0,0,0,0,0,0,0,0,1
DF,D281O,53.283336,5.347697,1, ,0.0,0.0,2,3000,0,0,0,0,0,0
CF,D281J,53.263586,5.482539,0,LWD,281.0,10.0,101.0,5.0,2,2000,0,0,0,0,0,0
CF,FT09,53.243686,5.617253,0,LWD,281.0,5.0,101.0,5.0,1,1200,0,0,0,0,0,0

APPTR,T09,09,D316J
IF,D316J,53.349167,5.569333, ,0.0,0.0,4,8000,3000,0,0,0,1,0
FD,D316J,53.349167,5.569333,0,LWD,316.0,12.0,316.0,12.0,0,0,0,0,0,0,0,0
DF,D281L,53.271506,5.428617,1, ,0.0,0.0,0,0,0,0,0,0,0,0
CF,D281J,53.263586,5.482539,0,LWD,281.0,10.0,101.0,2.0,2,2000,0,0,0,0,0,0
CF,FT09,53.243686,5.617253,0,LWD,281.0,5.0,101.0,5.0,1,1200,0,0,0,0,0,0

FINAL,T09,09,D,2
IF,FT09,53.243686,5.617253,LWD,281.0,5.0,1,1200,0,0,0,0,2,0
CF,MT09,53.229664,5.711481,0,LWD,281.0,1.5,101.0,3.5,1,388,0,0,0,0,3,0
CF,LWD,53.223633,5.751844,0,LWD,0.0,0.0,101.0,1.5,0,0,0,0,0,0,0,0
FD,LWD,53.223633,5.751844,0,LWD,0.0,1.0,101.0,1.0,1,1200,0,0,0,0,0,0
DF,D316J,53.349167,5.569333,1, ,0.0,0.0,1,3000,0,0,0,0,0,0

APPTR,T23,23,D013J
IF,D013J,53.383000,5.831833, ,0.0,0.0,4,8000,3000,0,0,0,1,0
FD,D013J,53.383000,5.831833,0,LWD,13.7,12.0,13.0,12.0,0,0,0,0,0,0,0,0
DF,D049L,53.346286,6.014806,2, ,0.0,0.0,0,0,0,0,0,0,0,0
CF,D049J,53.325883,5.970872,0,LWD,49.0,10.0,229.0,2.0,2,2000,0,0,0,0,0,0
CF,FT23,53.274808,5.861228,0,LWD,49.0,5.0,229.0,5.0,1,1200,0,0,0,0,0,0

APPTR,T23,23,D016J
IF,D016J,53.381000,5.842500, ,0.0,0.0,3,19500,0,0,0,0,1,0
CF,D016P,53.475294,5.897139,0,LWD,16.0,16.0,16.0,6.0,0,0,0,0,0,0,0,1
DF,D049P,53.387042,6.102794,2, ,0.0,0.0,0,0,0,0,0,0,0,0
CF,D049J,53.325883,5.970872,0,LWD,49.0,10.0,229.0,6.0,2,2000,0,0,0,0,0,0
CF,FT23,53.274808,5.861228,0,LWD,49.0,5.0,229.0,5.0,1,1200,0,0,0,0,0,0

APPTR,T23,23,D321G
IF,D321G,53.317833,5.637500, ,0.0,0.0,4,6000,3000,0,0,0,1,0
CI,0, ,0.0,141.0,0,0,0,0,0,0,0,0
AF,D049F,53.285031,5.883136,2,LWD,49.0,6.0,321.0,0,0,0,0,0,0,0,0
CF,FT229,53.254350,5.817442,0,LWD,49.0,3.0,229.0,3.0,1,1200,0,0,0,0,0,0

FINAL,T23,23,D,6
IF,FT23,53.274808,5.861228,LWD,49.0,5.0,1,1200,0,0,0,0,2,0
IF,FT229,53.254350,5.817442,LWD,49.0,3.0,1,1200,0,0,0,0,2,0
CF,24TA2,53.248208,5.804314,0,LWD,49.0,2.4,229.0,2.6,2,450,0,0,0,0,0,0
CF,24TA2,53.248208,5.804314,0,LWD,49.0,2.4,229.0,0.6,2,450,0,0,0,0,0,0
CF,MT229,53.233875,5.773700,0,LWD,49.0,1.0,229.0,1.4,1,190,0,0,0,0,3,0
CF,MT23,53.233875,5.773700,0,LWD,49.0,1.0,229.0,1.4,1,139,0,0,0,0,3,0
CF,LWD,53.223633,5.751844,0,LWD,0.0,0.0,229.0,1.0,0,0,0,0,0,0,0,0
CF,LWD,53.223633,5.751844,0,LWD,0.0,0.0,229.0,1.0,0,0,0,0,0,0,0,0
CF,D235A,53.214811,5.728333,0,LWD,235.0,1.0,235.0,1.0,0,0,0,0,0,0,0,1
CF,D235A,53.214811,5.728333,0,LWD,235.0,1.0,235.0,1.0,1,1200,0,0,0,0,0,0
CA,0,235.0,2,1200,0,0,0,0,0,0
FA,D235A,53.214811,5.728333,0,LWD,0.0,0.0,235.0,2,3000,0,0,0,0,0,0
DF,D321G,53.317833,5.637500,2, ,0.0,0.0,1,3000,0,0,0,0,0,0
DF,D013J,53.383000,5.831833,2, ,0.0,0.0,1,3000,0,0,0,0,0,0

APPTR,T27,27,D027J
IF,D027J,53.367667,5.891000, ,0.0,0.0,3,19500,0,0,0,0,1,0
CF,D027P,53.454008,5.974875,0,LWD,27.0,16.0,27.0,6.0,0,0,0,0,0,0,0,1
DF,D047R,53.415556,6.135914,2, ,0.0,0.0,0,0,0,0,0,0,0,0
CF,D075L,53.264706,6.077633,0,LWD,75.0,12.0,190.0,9.3,0,0,0,0,0,0,0,0
CF,D075J,53.257922,6.023292,0,LWD,75.0,10.0,255.0,2.0,2,2000,0,0,0,0,0,0
CF,FT27,53.240856,5.887514,0,LWD,75.0,5.0,255.0,5.0,1,1200,0,0,0,0,0,0

APPTR,T27,27,D040J
IF,D040J,53.345167,5.941500, ,0.0,0.0,4,8000,3000,0,0,0,1,0
FD,D040J,53.345167,5.941500,0,LWD,40.0,12.0,40.0,12.0,0,0,0,0,0,0,0,0
DF,D075L,53.264706,6.077633,2, ,0.0,0.0,0,0,0,0,0,0,0,0
CF,D075J,53.257922,6.023292,0,LWD,75.0,10.0,255.0,2.0,2,2000,0,0,0,0,0,0
CF,FT27,53.240856,5.887514,0,LWD,75.0,5.0,255.0,5.0,1,1200,0,0,0,0,0,0

FINAL,T27,27,D,2
IF,FT27,53.240856,5.887514,LWD,75.0,5.0,1,1200,0,0,0,0,2,0
CF,MT27,53.229161,5.795244,0,LWD,75.0,1.6,255.0,3.4,1,344,0,0,0,0,3,0
CF,LWD,53.223633,5.751844,0,LWD,0.0,0.0,255.0,1.6,0,0,0,0,0,0,0,0
FD,LWD,53.223633,5.751844,0,LWD,0.0,1.0,255.0,1.0,1,1200,0,0,0,0,0,0
DF,D040J,53.345167,5.941500,2, ,0.0,0.0,1,3000,0,0,0,0,0,0

