APPTR,I09R,09R,BAMRU
IF,BAMRU,56.372281,8.704733, ,0.0,0.0,0,0,0,1,240,0,1,0
TF,REVBO,56.295228,8.758250,0,KAP,0.0,0.0,0.0,0.0,2,2200,0,0,0,0,1,0

APPTR,I09R,09R,EBISO
IF,EBISO,56.215944,8.709639, ,0.0,0.0,0,0,0,1,240,0,1,0
TF,REVBO,56.295228,8.758250,0,KAP,0.0,0.0,0.0,0.0,2,2200,0,0,0,0,1,0

APPTR,I09R,09R,REVBO
IF,REVBO,56.295228,8.758250, ,0.0,0.0,2,2200,0,0,0,0,0,0
CF,CF09R,56.295722,8.886075,0,KAP,266.4,8.1,86.0,4.3,2,1600,0,0,0,0,0,0

FINAL,I09R,09R,I,6
IF,CF09R,56.295722,8.886075,KAP,266.4,8.1,2,1600,0,0,0,0,0,0
IF,REVBO,56.295228,8.758250,KAP,266.5,12.4,2,2200,0,1,240,0,1,0
CF,FI09R,56.296200,8.945894,0,KAP,266.4,6.1,86.0,2.0,1,1600,0,0,0,0,2,0
CF,MORHA,56.295903,8.908636,0,KAP,266.4,7.4,86.0,5.0,1,2000,0,0,0,0,2,0
CF,RW09R,56.297150,9.077331,0,KAP,266.4,1.7,86.0,4.4,1,204,0,0,0,0,3,0
CF,RW09R,56.297150,9.077331,0,KAP,266.4,1.7,86.0,5.6,1,204,0,0,0,0,3,0
TF,VOCAT,56.298403,9.291822,0, ,0.0,0.0,0.0,0.0,1,2000,0,0,0,0,0,1
CF,D086H,56.298117,9.235917,0,KAR,85.3,7.6,86.0,5.3,1,2000,0,0,0,0,0,0
HM,VOCAT,56.298403,9.291822,2, ,0.0,0.0,266.0,04.3,1,2000,0,0,0,0,0,0,0
HM,D086H,56.298117,9.235917,2, ,0.0,0.0,266.0,04.3,2,2000,0,0,0,0,0,0,0

APPTR,I27L,27L,GIROG
IF,GIROG,56.377447,9.501322, ,0.0,0.0,2,2300,0,1,240,0,1,0
TF,RIKSU,56.299722,9.450686,0,KR,0.0,0.0,0.0,0.0,2,2300,0,0,0,0,1,0

APPTR,I27L,27L,LIRGO
IF,LIRGO,56.221094,9.502981, ,0.0,0.0,2,2300,0,1,240,0,1,0
TF,RIKSU,56.299722,9.450686,0,KR,0.0,0.0,0.0,0.0,2,2300,0,0,0,0,1,0

APPTR,I27L,27L,RIKSU
IF,RIKSU,56.299722,9.450686, ,0.0,0.0,2,2200,0,0,0,0,0,0
CF,CF27L,56.298542,9.322722,0,KR,86.3,8.4,266.0,4.3,2,1700,0,0,0,0,0,0

FINAL,I27L,27L,I,6
IF,RIKSU,56.299722,9.450686,KR,86.1,12.7,2,2300,0,0,0,0,1,0
IF,CF27L,56.298542,9.322722,KR,86.3,8.4,2,1700,0,0,0,0,0,0
CF,VOCAT,56.298403,9.291822,0,KR,86.3,7.4,266.0,5.3,1,2000,0,0,0,0,2,0
CF,FI27L,56.298247,9.262897,0,KR,86.3,6.4,266.0,2.0,1,1700,0,0,0,0,2,0
CF,RW27L,56.297458,9.124628,0,KR,86.3,1.8,266.0,5.6,1,220,0,0,0,0,3,0
CF,RW27L,56.297458,9.124628,0,KR,86.3,1.8,266.0,4.6,1,220,0,0,0,0,3,0
CF,KAR,56.296675,9.008597,0,KAR,0.0,0.0,266.0,3.9,0,0,0,0,0,0,0,0
CF,MORHA,56.295903,8.908636,0,AAL,213.0,60.4,266.0,7.2,1,2000,0,0,0,0,0,0
CF,D266A,56.296667,8.966717,0,KAR,266.0,1.4,266.0,1.4,1,2000,0,0,0,0,0,0
HM,MORHA,56.295903,8.908636,1, ,0.0,0.0,86.0,04.3,2,2000,0,0,0,0,0,0,0
HM,D266A,56.296667,8.966717,1, ,0.0,0.0,86.0,04.3,2,2000,0,0,0,0,0,0,0

APPTR,R09R,09R,BAMRU
IF,BAMRU,56.372281,8.704733, ,0.0,0.0,0,0,0,0,0,0,1,0
TF,REVBO,56.295228,8.758250,0, ,0.0,0.0,0.0,0.0,2,2000,0,1,210,0,0,0

APPTR,R09R,09R,EBISO
IF,EBISO,56.215944,8.709639, ,0.0,0.0,0,0,0,0,0,0,1,0
TF,REVBO,56.295228,8.758250,0, ,0.0,0.0,0.0,0.0,2,2000,0,1,210,0,0,0

FINAL,R09R,09R,R,3
IF,REVBO,56.295228,8.758250, ,0.0,0.0,2,2000,0,1,210,0,0,0
TF,KA099,56.296133,8.907800,0, ,0.0,0.0,87.0,5.0,1,2000,0,1,210,0,2,0
TF,RW09R,56.297150,9.077331,0, ,0.0,0.0,87.0,5.7,1,196,0,0,0,0,3,1
TF,KA09E,56.298450,9.236958,0, ,0.0,0.0,0.0,0.0,2,1000,0,0,0,0,0,1
HM,KA09E,56.298450,9.236958,2, ,0.0,0.0,267.0,04.3,2,2000,0,0,0,0,0,0,0

APPTR,R27L,27L,GIROG
IF,GIROG,56.377447,9.501322, ,0.0,0.0,0,0,0,0,0,0,1,0
TF,RIKSU,56.299722,9.450686,0, ,0.0,0.0,0.0,0.0,2,2000,0,1,210,0,0,0

APPTR,R27L,27L,LIRGO
IF,LIRGO,56.221094,9.502981, ,0.0,0.0,0,0,0,0,0,0,1,0
TF,RIKSU,56.299722,9.450686,0, ,0.0,0.0,0.0,0.0,2,2000,0,1,210,0,0,0

FINAL,R27L,27L,R,3
IF,RIKSU,56.299722,9.450686, ,0.0,0.0,2,2000,0,1,210,0,0,0
TF,KA279,56.298628,9.292839,0, ,0.0,0.0,267.0,5.3,1,2000,0,1,210,0,2,0
TF,RW27L,56.297458,9.124628,0, ,0.0,0.0,267.0,5.6,1,209,0,0,0,0,3,1
TF,KA27W,56.296531,8.968481,0, ,0.0,0.0,0.0,0.0,2,1000,0,0,0,0,0,1
HM,KA27W,56.296531,8.968481,1, ,0.0,0.0,87.0,04.3,2,2000,0,0,0,0,0,0,0

APPTR,T09R,09R,D291J
IF,D291J,56.367000,8.737000, ,0.0,0.0,4,15000,4000,0,0,0,1,0
CF,D291O,56.401444,8.600825,0,KAR,291.0,15.0,291.0,5.0,0,0,0,0,0,0,0,1
CF,D266O,56.295861,8.559911,1,KAR,266.0,15.0,86.0,1.0,2,4000,0,0,0,0,0,0
CF,FT09R,56.296633,8.909883,0,KAR,266.0,3.3,86.0,11.7,2,2000,0,0,0,0,0,0

APPTR,T09R,09R,REVBO
IF,REVBO,56.295228,8.758250, ,0.0,0.0,2,2200,0,0,0,0,0,0
CF,FF09R,56.296658,8.945778,0,KAR,266.0,2.1,86.0,6.3,2,1600,0,0,0,0,0,0

FINAL,T09R,09R,D,4
IF,FT09R,56.296633,8.909883,KAR,266.0,3.3,2,2000,0,0,0,0,2,0
IF,FF09R,56.296658,8.945778,KAR,266.0,2.1,2,1600,0,0,0,0,2,0
CF,RW09R,56.297150,9.077331,0,KAR,85.3,2.3,86.0,4.4,1,204,0,0,0,0,3,0
CF,RW09R,56.297150,9.077331,0,KAR,85.3,2.3,86.0,5.6,1,204,0,0,0,0,3,0
CF,D086H,56.298117,9.235917,0,KAR,85.3,7.6,86.0,5.3,1,2000,0,0,0,0,0,0
CF,FT27L,56.296347,9.292767,0,KAR,86.0,9.5,86.0,7.2,1,2000,0,0,0,0,0,0
HM,D086H,56.298117,9.235917,2, ,0.0,0.0,266.0,04.3,2,2000,0,0,0,0,0,0,0
HM,FT27L,56.296347,9.292767,2, ,0.0,0.0,266.0,04.3,2,2000,0,0,0,0,0,0,0

APPTR,T27L,27L,D061H
IF,D061H,56.352667,9.225833, ,0.0,0.0,4,15000,4000,0,0,0,1,0
CF,D061Q,56.415311,9.470906,0,KAR,61.0,17.0,61.0,9.0,0,0,0,0,0,0,0,1
CF,FT27L,56.296347,9.292767,2,KAR,86.0,9.5,266.0,9.0,2,2000,0,0,0,0,0,0

APPTR,T27L,27L,RIKSU
IF,RIKSU,56.299722,9.450686, ,0.0,0.0,2,2200,0,0,0,0,0,0
CF,FF27L,56.296414,9.262853,0,KAR,86.0,8.5,266.0,6.3,2,1700,0,0,0,0,0,0

FINAL,T27L,27L,D,5
IF,FF27L,56.296414,9.262853,KAR,86.0,8.5,2,1700,0,0,0,0,2,0
IF,FT27L,56.296347,9.292767,KAR,86.0,9.5,2,2000,0,0,0,0,2,0
CF,60TAC,56.297842,9.188661,0,KAR,85.3,6.0,266.0,3.5,2,900,0,0,0,0,0,0
CF,RW27L,56.297458,9.124628,0,KAR,85.3,3.9,266.0,4.6,1,220,0,0,0,0,3,0
CF,RW27L,56.297458,9.124628,0,KAR,85.3,3.9,266.0,2.1,1,220,0,0,0,0,3,0
CF,KAR,56.296675,9.008597,0,KAR,0.0,0.0,266.0,3.9,0,0,0,0,0,0,0,0
CF,KAR,56.296675,9.008597,0,KAR,0.0,0.0,266.0,3.9,0,0,0,0,0,0,0,0
CF,D266A,56.296667,8.966717,0,KAR,266.0,1.4,266.0,1.4,1,2000,0,0,0,0,0,0
CF,FT09R,56.296633,8.909883,0,KAR,266.0,3.3,266.0,3.3,1,2000,0,0,0,0,0,0
HM,FT09R,56.296633,8.909883,1, ,0.0,0.0,86.0,04.3,2,2000,0,0,0,0,0,0,0
HM,D266A,56.296667,8.966717,1, ,0.0,0.0,86.0,04.3,2,2000,0,0,0,0,0,0,0

