SID,ADAD2C,17,5
CA,0,170.0,2,500,0,0,0,0,0,0
CF,BR815,60.253303,5.189189,0,FLS,190.2,3.6,215.0,2.0,0,0,0,0,0,0,0,0
TF,AKOVO,60.246261,5.071442,0, ,0.0,0.0,0.0,0.0,0,0,0,0,0,0,0,0
TF,IPLUT,60.294567,4.935286,0, ,0.0,0.0,0.0,0.0,0,0,0,0,0,0,0,0
TF,ADADI,60.395544,4.648058,0, ,0.0,0.0,0.0,0.0,0,0,0,0,0,0,0,0

SID,ADAD2D,35,5
CA,0,350.0,2,500,0,0,0,0,0,0
DF,BR510,60.333008,5.142192,0, ,0.0,0.0,0,0,0,1,90,0,0,0
TF,USDAC,60.378231,4.929417,0, ,0.0,0.0,0.0,0.0,0,0,0,0,0,0,0,0
TF,ADADI,60.395544,4.648058,0, ,0.0,0.0,0.0,0.0,0,0,0,0,0,0,0,0

SID,BEGO3C,17,5
DF,UNPUT,60.093972,5.284703,0, ,0.0,0.0,0,0,0,0,0,0,0,0
TF,SOGTI,59.790850,5.133889,0, ,0.0,0.0,0.0,0.0,0,0,0,0,0,0,0,0
TF,BEGOD,59.637769,5.158967,0, ,0.0,0.0,0.0,0.0,0,0,0,0,0,0,0,0

SID,BEGO3D,35,5
DF,ADIDO,60.492767,5.150750,0, ,0.0,0.0,0,0,0,0,0,0,0,0
TF,BR821,60.477517,4.968100,0, ,0.0,0.0,0.0,0.0,0,0,0,1,250,0,0,0
TF,GISUK,60.276139,5.010114,0, ,0.0,0.0,0.0,0.0,0,0,0,0,0,0,0,0
TF,ELLEB,60.161111,5.055583,0, ,0.0,0.0,0.0,0.0,0,0,0,0,0,0,0,0
TF,SOGTI,59.790850,5.133889,0, ,0.0,0.0,0.0,0.0,0,0,0,0,0,0,0,0
TF,BEGOD,59.637769,5.158967,0, ,0.0,0.0,0.0,0.0,0,0,0,0,0,0,0,0

SID,ENBR3C,17,2
CA,0,170.0,2,580,0,0,0,0,0,0
VM,0,0,0,170.0,0,0,0,0,0,0,0,0

SID,ENBR3D,35,2
CA,0,350.0,2,580,0,0,0,0,0,0
VM,0,0,0,350.0,0,0,0,0,0,0,0,0

SID,EPOT3C,17,5
DF,UNPUT,60.093972,5.284703,0, ,0.0,0.0,0,0,0,0,0,0,0,0
TF,BR521,60.078903,5.104208,0, ,0.0,0.0,0.0,0.0,0,0,0,1,250,0,0,0
TF,GISUK,60.276139,5.010114,0, ,0.0,0.0,0.0,0.0,0,0,0,0,0,0,0,0
TF,BR523,60.203844,4.673783,0, ,0.0,0.0,0.0,0.0,0,0,0,0,0,0,0,0
TF,EPOTU,59.876333,4.074222,0, ,0.0,0.0,0.0,0.0,0,0,0,0,0,0,0,0

SID,EPOT3D,35,5
DF,ADIDO,60.492767,5.150750,0, ,0.0,0.0,0,0,0,0,0,0,0,0
TF,BR821,60.477517,4.968100,0, ,0.0,0.0,0.0,0.0,0,0,0,1,250,0,0,0
TF,GISUK,60.276139,5.010114,0, ,0.0,0.0,0.0,0.0,0,0,0,0,0,0,0,0
TF,ELLEB,60.161111,5.055583,0, ,0.0,0.0,0.0,0.0,0,0,0,0,0,0,0,0
TF,BR823,60.048381,4.662067,0, ,0.0,0.0,0.0,0.0,0,0,0,0,0,0,0,0
TF,EPOTU,59.876333,4.074222,0, ,0.0,0.0,0.0,0.0,0,0,0,0,0,0,0,0

SID,GOKA2C,17,5
DF,UNPUT,60.093972,5.284703,0, ,0.0,0.0,0,0,0,0,0,0,0,0
TF,BR531,60.108794,5.465400,0, ,0.0,0.0,0.0,0.0,0,0,0,1,250,0,0,0
TF,EKREL,60.310583,5.426306,0, ,0.0,0.0,0.0,0.0,0,0,0,0,0,0,0,0
TF,BR626,60.377717,5.618567,0, ,0.0,0.0,0.0,0.0,0,0,0,0,0,0,0,0
TF,OSPAS,60.503497,5.963122,0, ,0.0,0.0,0.0,0.0,0,0,0,0,0,0,0,0
TF,GOKAB,60.433444,6.440167,0, ,0.0,0.0,0.0,0.0,0,0,0,0,0,0,0,0

SID,GOKA2D,35,5
DF,ADIDO,60.492767,5.150750,0, ,0.0,0.0,0,0,0,0,0,0,0,0
TF,BR831,60.507767,5.333606,0, ,0.0,0.0,0.0,0.0,0,0,0,1,250,0,0,0
TF,ROLGU,60.375017,5.396142,0, ,0.0,0.0,0.0,0.0,0,0,0,0,0,0,0,0
TF,BR832,60.405936,5.929883,0, ,0.0,0.0,0.0,0.0,0,0,0,0,0,0,0,0
TF,GOKAB,60.433444,6.440167,0, ,0.0,0.0,0.0,0.0,0,0,0,0,0,0,0,0

SID,INTU2C,17,5
DF,UNPUT,60.093972,5.284703,0, ,0.0,0.0,0,0,0,0,0,0,0,0
TF,BR531,60.108794,5.465400,0, ,0.0,0.0,0.0,0.0,0,0,0,1,250,0,0,0
TF,EKREL,60.310583,5.426306,0, ,0.0,0.0,0.0,0.0,0,0,0,0,0,0,0,0
TF,BR533,60.462792,5.396494,0, ,0.0,0.0,0.0,0.0,0,0,0,0,0,0,0,0
TF,INTUM,60.970778,5.849333,0, ,0.0,0.0,0.0,0.0,0,0,0,0,0,0,0,0

SID,INTU2D,35,5
DF,ADIDO,60.492767,5.150750,0, ,0.0,0.0,0,0,0,0,0,0,0,0
TF,INTUM,60.970778,5.849333,0, ,0.0,0.0,0.0,0.0,0,0,0,0,0,0,0,0

SID,OLDA2C,17,5
DF,UNPUT,60.093972,5.284703,0, ,0.0,0.0,0,0,0,0,0,0,0,0
TF,BR521,60.078903,5.104208,0, ,0.0,0.0,0.0,0.0,0,0,0,1,250,0,0,0
TF,GISUK,60.276139,5.010114,0, ,0.0,0.0,0.0,0.0,0,0,0,0,0,0,0,0
TF,OLDAS,61.070389,5.171306,0, ,0.0,0.0,0.0,0.0,0,0,0,0,0,0,0,0

SID,OLDA2D,35,5
DF,ADIDO,60.492767,5.150750,0, ,0.0,0.0,0,0,0,0,0,0,0,0
TF,OLDAS,61.070389,5.171306,0, ,0.0,0.0,0.0,0.0,0,0,0,0,0,0,0,0

SID,REKL1C,17,5
DF,UNPUT,60.093972,5.284703,0, ,0.0,0.0,0,0,0,0,0,0,0,0
TF,BR521,60.078903,5.104208,0, ,0.0,0.0,0.0,0.0,0,0,0,1,250,0,0,0
TF,GISUK,60.276139,5.010114,0, ,0.0,0.0,0.0,0.0,0,0,0,0,0,0,0,0
TF,REKLI,60.458028,3.919056,0, ,0.0,0.0,0.0,0.0,0,0,0,0,0,0,0,0

SID,REKL1D,35,5
DF,ADIDO,60.492767,5.150750,0, ,0.0,0.0,0,0,0,0,0,0,0,0
TF,BR821,60.477517,4.968100,0, ,0.0,0.0,0.0,0.0,0,0,0,1,250,0,0,0
TF,GISUK,60.276139,5.010114,0, ,0.0,0.0,0.0,0.0,0,0,0,0,0,0,0,0
TF,BR825,60.258347,4.677433,0, ,0.0,0.0,0.0,0.0,0,0,0,0,0,0,0,0
TF,REKLI,60.458028,3.919056,0, ,0.0,0.0,0.0,0.0,0,0,0,0,0,0,0,0

SID,TINI2C,17,5
DF,UNPUT,60.093972,5.284703,0, ,0.0,0.0,0,0,0,0,0,0,0,0
TF,BR531,60.108794,5.465400,0, ,0.0,0.0,0.0,0.0,0,0,0,1,250,0,0,0
TF,EKREL,60.310583,5.426306,0, ,0.0,0.0,0.0,0.0,0,0,0,0,0,0,0,0
TF,BR626,60.377717,5.618567,0, ,0.0,0.0,0.0,0.0,0,0,0,0,0,0,0,0
TF,BR535,60.323911,5.845528,0, ,0.0,0.0,0.0,0.0,0,0,0,0,0,0,0,0
TF,TINIG,60.010528,6.350528,0, ,0.0,0.0,0.0,0.0,0,0,0,0,0,0,0,0

SID,TINI2D,35,5
DF,ADIDO,60.492767,5.150750,0, ,0.0,0.0,0,0,0,0,0,0,0,0
TF,BR831,60.507767,5.333606,0, ,0.0,0.0,0.0,0.0,0,0,0,1,250,0,0,0
TF,ROLGU,60.375017,5.396142,0, ,0.0,0.0,0.0,0.0,0,0,0,0,0,0,0,0
TF,EKREL,60.310583,5.426306,0, ,0.0,0.0,0.0,0.0,0,0,0,0,0,0,0,0
TF,BR834,60.132611,5.978908,0, ,0.0,0.0,0.0,0.0,0,0,0,0,0,0,0,0
TF,TINIG,60.010528,6.350528,0, ,0.0,0.0,0.0,0.0,0,0,0,0,0,0,0,0

SID,TUXI4C,17,5
DF,UNPUT,60.093972,5.284703,0, ,0.0,0.0,0,0,0,0,0,0,0,0
TF,BAMLO,59.800706,5.362911,0, ,0.0,0.0,0.0,0.0,0,0,0,0,0,0,0,0
TF,OMEXI,59.647636,5.388211,0, ,0.0,0.0,0.0,0.0,2,16000,0,0,0,0,0,0
TF,TUXIL,59.402639,5.450139,0, ,0.0,0.0,0.0,0.0,0,0,0,0,0,0,0,0

SID,TUXI4D,35,5
DF,ADIDO,60.492767,5.150750,0, ,0.0,0.0,0,0,0,0,0,0,0,0
TF,BR821,60.477517,4.968100,0, ,0.0,0.0,0.0,0.0,0,0,0,1,250,0,0,0
TF,GISUK,60.276139,5.010114,0, ,0.0,0.0,0.0,0.0,0,0,0,0,0,0,0,0
TF,ELLEB,60.161111,5.055583,0, ,0.0,0.0,0.0,0.0,0,0,0,0,0,0,0,0
TF,BAMLO,59.800706,5.362911,0, ,0.0,0.0,0.0,0.0,0,0,0,0,0,0,0,0
TF,OMEXI,59.647636,5.388211,0, ,0.0,0.0,0.0,0.0,2,16000,0,0,0,0,0,0
TF,TUXIL,59.402639,5.450139,0, ,0.0,0.0,0.0,0.0,0,0,0,0,0,0,0,0

STAR,ALUV2N,17,5
IF,ALUVA,59.390944,4.969472, ,0.0,0.0,2,9000,0,0,0,0,0,0
TF,GENVU,59.626917,4.930944,0, ,0.0,0.0,0.0,0.0,0,0,0,0,0,0,0,0
TF,EPADU,59.779986,4.905661,0, ,0.0,0.0,0.0,0.0,0,0,0,0,0,0,0,0
TF,BENTI,60.092631,4.816361,0, ,0.0,0.0,0.0,0.0,0,0,0,0,0,0,0,0
TF,BR634,60.404206,4.725650,0, ,0.0,0.0,0.0,0.0,4,8000,4000,1,220,0,0,0
TF,BR633,60.458531,4.686142,0, ,0.0,0.0,0.0,0.0,0,0,0,0,0,0,0,0
TF,IRLOB,60.516256,4.686572,0, ,0.0,0.0,0.0,0.0,4,8000,4000,1,220,0,0,0
TF,BR632,60.570422,4.727094,0, ,0.0,0.0,0.0,0.0,0,0,0,0,0,0,0,0
TF,BR631,60.614461,4.802978,0, ,0.0,0.0,0.0,0.0,0,0,0,0,0,0,0,0
TF,BR630,60.645714,4.921950,0, ,0.0,0.0,0.0,0.0,0,0,0,0,0,0,0,0
TF,NEPAM,60.486378,5.018094,0, ,0.0,0.0,0.0,0.0,2,4000,0,0,0,0,0,0

STAR,ALUV2P,35,5
IF,ALUVA,59.390944,4.969472, ,0.0,0.0,2,9000,0,0,0,0,0,0
TF,GENVU,59.626917,4.930944,0, ,0.0,0.0,0.0,0.0,0,0,0,0,0,0,0,0
TF,OKLAN,59.871711,4.775972,0, ,0.0,0.0,0.0,0.0,0,0,0,0,0,0,0,0
TF,BR725,59.950844,4.725358,0, ,0.0,0.0,0.0,0.0,0,0,0,0,0,0,0,0
TF,IBLIR,59.992131,4.869267,0, ,0.0,0.0,0.0,0.0,4,8000,4000,1,220,0,0,0
TF,BR722,59.947706,4.942811,0, ,0.0,0.0,0.0,0.0,0,0,0,0,0,0,0,0
TF,BR721,59.918503,5.042044,0, ,0.0,0.0,0.0,0.0,0,0,0,0,0,0,0,0
TF,BR720,59.908150,5.172419,0, ,0.0,0.0,0.0,0.0,0,0,0,0,0,0,0,0
TF,RIVIP,60.074225,5.158156,0, ,0.0,0.0,0.0,0.0,2,4000,0,0,0,0,0,0

STAR,BADA2N,17,5
IF,BADAB,59.072306,6.022722, ,0.0,0.0,0,0,0,0,0,0,0,0
TF,OKTOS,59.432850,5.884794,0, ,0.0,0.0,0.0,0.0,2,9000,0,0,0,0,0,0
TF,DIBMA,59.668767,5.846231,0, ,0.0,0.0,0.0,0.0,0,0,0,0,0,0,0,0
TF,LEGTA,59.821836,5.820914,0, ,0.0,0.0,0.0,0.0,0,0,0,0,0,0,0,0
TF,LUSAP,60.132622,5.708642,0, ,0.0,0.0,0.0,0.0,0,0,0,0,0,0,0,0
TF,BR624,60.477389,5.611536,0, ,0.0,0.0,0.0,0.0,4,8000,6000,1,220,0,0,0
TF,LUTIV,60.535108,5.613150,0, ,0.0,0.0,0.0,0.0,4,8000,6000,1,220,0,0,0
TF,BR623,60.589614,5.574533,0, ,0.0,0.0,0.0,0.0,0,0,0,0,0,0,0,0
TF,BR622,60.634300,5.500183,0, ,0.0,0.0,0.0,0.0,0,0,0,0,0,0,0,0
TF,BR621,60.663725,5.399031,0, ,0.0,0.0,0.0,0.0,0,0,0,0,0,0,0,0
TF,BR620,60.674144,5.265633,0, ,0.0,0.0,0.0,0.0,0,0,0,0,0,0,0,0
TF,GILVA,60.508089,5.280411,0, ,0.0,0.0,0.0,0.0,2,4000,0,0,0,0,0,0

STAR,BADA2P,35,5
IF,BADAB,59.072306,6.022722, ,0.0,0.0,0,0,0,0,0,0,0,0
TF,OKTOS,59.432850,5.884794,0, ,0.0,0.0,0.0,0.0,2,9000,0,0,0,0,0,0
TF,DIBMA,59.668767,5.846231,0, ,0.0,0.0,0.0,0.0,0,0,0,0,0,0,0,0
TF,LEGTA,59.821836,5.820914,0, ,0.0,0.0,0.0,0.0,0,0,0,0,0,0,0,0
TF,LATSI,59.971539,5.877742,0, ,0.0,0.0,0.0,0.0,0,0,0,0,0,0,0,0
TF,BR735,60.053169,5.908950,0, ,0.0,0.0,0.0,0.0,0,0,0,0,0,0,0,0
TF,RATUG,60.067539,5.745203,0, ,0.0,0.0,0.0,0.0,4,8000,6500,1,220,0,0,0
TF,BR732,60.013244,5.705981,0, ,0.0,0.0,0.0,0.0,0,0,0,0,0,0,0,0
TF,BR731,59.968903,5.632189,0, ,0.0,0.0,0.0,0.0,0,0,0,0,0,0,0,0
TF,BR730,59.937008,5.516344,0, ,0.0,0.0,0.0,0.0,0,0,0,0,0,0,0,0
TF,GODID,60.095667,5.417281,0, ,0.0,0.0,0.0,0.0,2,4000,0,0,0,0,0,0

STAR,ETNO1N,17,5
IF,ETNOR,60.623694,3.962056, ,0.0,0.0,2,9000,0,0,0,0,0,0
TF,SANDO,60.557672,4.360881,0, ,0.0,0.0,0.0,0.0,0,0,0,0,0,0,0,0
TF,BR635,60.530828,4.520564,0, ,0.0,0.0,0.0,0.0,0,0,0,0,0,0,0,0
TF,IRLOB,60.516256,4.686572,0, ,0.0,0.0,0.0,0.0,4,8000,4000,1,220,0,0,0
TF,BR632,60.570422,4.727094,0, ,0.0,0.0,0.0,0.0,0,0,0,0,0,0,0,0
TF,BR631,60.614461,4.802978,0, ,0.0,0.0,0.0,0.0,0,0,0,0,0,0,0,0
TF,BR630,60.645714,4.921950,0, ,0.0,0.0,0.0,0.0,0,0,0,0,0,0,0,0
TF,NEPAM,60.486378,5.018094,0, ,0.0,0.0,0.0,0.0,2,4000,0,0,0,0,0,0

STAR,ETNO1P,35,5
IF,ETNOR,60.623694,3.962056, ,0.0,0.0,2,9000,0,0,0,0,0,0
TF,LELMI,60.429311,4.772697,0, ,0.0,0.0,0.0,0.0,0,0,0,0,0,0,0,0
TF,BR724,60.104197,4.830814,0, ,0.0,0.0,0.0,0.0,4,8000,4000,1,220,0,0,0
TF,BR723,60.046469,4.830317,0, ,0.0,0.0,0.0,0.0,0,0,0,0,0,0,0,0
TF,IBLIR,59.992131,4.869267,0, ,0.0,0.0,0.0,0.0,4,8000,4000,1,220,0,0,0
TF,BR722,59.947706,4.942811,0, ,0.0,0.0,0.0,0.0,0,0,0,0,0,0,0,0
TF,BR721,59.918503,5.042044,0, ,0.0,0.0,0.0,0.0,0,0,0,0,0,0,0,0
TF,BR720,59.908150,5.172419,0, ,0.0,0.0,0.0,0.0,0,0,0,0,0,0,0,0
TF,RIVIP,60.074225,5.158156,0, ,0.0,0.0,0.0,0.0,2,4000,0,0,0,0,0,0

STAR,GENV1N,17,5
IF,GENVU,59.626917,4.930944, ,0.0,0.0,0,0,0,0,0,0,0,0
TF,EPADU,59.779986,4.905661,0, ,0.0,0.0,0.0,0.0,0,0,0,0,0,0,0,0
TF,BENTI,60.092631,4.816361,0, ,0.0,0.0,0.0,0.0,0,0,0,0,0,0,0,0
TF,BR634,60.404206,4.725650,0, ,0.0,0.0,0.0,0.0,4,8000,4000,1,220,0,0,0
TF,BR633,60.458531,4.686142,0, ,0.0,0.0,0.0,0.0,0,0,0,0,0,0,0,0
TF,IRLOB,60.516256,4.686572,0, ,0.0,0.0,0.0,0.0,4,8000,4000,1,220,0,0,0
TF,BR632,60.570422,4.727094,0, ,0.0,0.0,0.0,0.0,0,0,0,0,0,0,0,0
TF,BR631,60.614461,4.802978,0, ,0.0,0.0,0.0,0.0,0,0,0,0,0,0,0,0
TF,BR630,60.645714,4.921950,0, ,0.0,0.0,0.0,0.0,0,0,0,0,0,0,0,0
TF,NEPAM,60.486378,5.018094,0, ,0.0,0.0,0.0,0.0,2,4000,0,0,0,0,0,0

STAR,GENV1P,35,5
IF,GENVU,59.626917,4.930944, ,0.0,0.0,0,0,0,0,0,0,0,0
TF,OKLAN,59.871711,4.775972,0, ,0.0,0.0,0.0,0.0,0,0,0,0,0,0,0,0
TF,BR725,59.950844,4.725358,0, ,0.0,0.0,0.0,0.0,0,0,0,0,0,0,0,0
TF,IBLIR,59.992131,4.869267,0, ,0.0,0.0,0.0,0.0,4,8000,4000,1,220,0,0,0
TF,BR722,59.947706,4.942811,0, ,0.0,0.0,0.0,0.0,0,0,0,0,0,0,0,0
TF,BR721,59.918503,5.042044,0, ,0.0,0.0,0.0,0.0,0,0,0,0,0,0,0,0
TF,BR720,59.908150,5.172419,0, ,0.0,0.0,0.0,0.0,0,0,0,0,0,0,0,0
TF,RIVIP,60.074225,5.158156,0, ,0.0,0.0,0.0,0.0,2,4000,0,0,0,0,0,0

STAR,KOXA1N,17,5
IF,KOXAT,60.506417,4.544333, ,0.0,0.0,0,0,0,0,0,0,0,0
TF,ORTIV,60.466528,4.812189,0, ,0.0,0.0,0.0,0.0,0,0,0,0,0,0,0,0
TF,BR451,60.412403,4.810006,0, ,0.0,0.0,0.0,0.0,0,0,0,0,0,0,0,0
TF,BR450,60.365667,4.865217,0, ,0.0,0.0,0.0,0.0,0,0,0,0,0,0,0,0
TF,VENIN,60.437381,5.005272,1, ,0.0,0.0,0.0,0.0,2,2000,0,0,0,0,0,0

STAR,LUNU3N,17,5
IF,LUNUR,60.839861,6.085250, ,0.0,0.0,2,10000,0,0,0,0,0,0
TF,DIRBI,60.622294,5.856664,0, ,0.0,0.0,0.0,0.0,0,0,0,0,0,0,0,0
TF,BR625,60.548308,5.779722,0, ,0.0,0.0,0.0,0.0,0,0,0,0,0,0,0,0
TF,LUTIV,60.535108,5.613150,0, ,0.0,0.0,0.0,0.0,4,8000,6000,1,220,0,0,0
TF,BR623,60.589614,5.574533,0, ,0.0,0.0,0.0,0.0,0,0,0,0,0,0,0,0
TF,BR622,60.634300,5.500183,0, ,0.0,0.0,0.0,0.0,0,0,0,0,0,0,0,0
TF,BR621,60.663725,5.399031,0, ,0.0,0.0,0.0,0.0,0,0,0,0,0,0,0,0
TF,BR620,60.674144,5.265633,0, ,0.0,0.0,0.0,0.0,0,0,0,0,0,0,0,0
TF,GILVA,60.508089,5.280411,0, ,0.0,0.0,0.0,0.0,2,4000,0,0,0,0,0,0

STAR,LUNU3P,35,5
IF,LUNUR,60.839861,6.085250, ,0.0,0.0,2,10000,0,0,0,0,0,0
TF,BR737,60.706014,6.006892,0, ,0.0,0.0,0.0,0.0,2,8000,0,0,0,0,0,0
TF,ROXET,60.430650,5.847800,0, ,0.0,0.0,0.0,0.0,0,0,0,0,0,0,0,0
TF,BR734,60.179469,5.705108,0, ,0.0,0.0,0.0,0.0,4,8000,6500,1,220,0,0,0
TF,BR733,60.125269,5.744969,0, ,0.0,0.0,0.0,0.0,0,0,0,0,0,0,0,0
TF,RATUG,60.067539,5.745203,0, ,0.0,0.0,0.0,0.0,4,8000,6500,1,220,0,0,0
TF,BR732,60.013244,5.705981,0, ,0.0,0.0,0.0,0.0,0,0,0,0,0,0,0,0
TF,BR731,59.968903,5.632189,0, ,0.0,0.0,0.0,0.0,0,0,0,0,0,0,0,0
TF,BR730,59.937008,5.516344,0, ,0.0,0.0,0.0,0.0,0,0,0,0,0,0,0,0
TF,GODID,60.095667,5.417281,0, ,0.0,0.0,0.0,0.0,2,4000,0,0,0,0,0,0

STAR,MODN2N,17,5
IF,MODNI,60.036250,3.980833, ,0.0,0.0,0,0,0,0,0,0,0,0
TF,BR637,60.232097,4.338050,0, ,0.0,0.0,0.0,0.0,2,9000,0,0,0,0,0,0
TF,BR636,60.362881,4.579978,0, ,0.0,0.0,0.0,0.0,0,0,0,0,0,0,0,0
TF,BR634,60.404206,4.725650,0, ,0.0,0.0,0.0,0.0,4,8000,4000,1,220,0,0,0
TF,BR633,60.458531,4.686142,0, ,0.0,0.0,0.0,0.0,0,0,0,0,0,0,0,0
TF,IRLOB,60.516256,4.686572,0, ,0.0,0.0,0.0,0.0,4,8000,4000,1,220,0,0,0
TF,BR632,60.570422,4.727094,0, ,0.0,0.0,0.0,0.0,0,0,0,0,0,0,0,0
TF,BR631,60.614461,4.802978,0, ,0.0,0.0,0.0,0.0,0,0,0,0,0,0,0,0
TF,BR630,60.645714,4.921950,0, ,0.0,0.0,0.0,0.0,0,0,0,0,0,0,0,0
TF,NEPAM,60.486378,5.018094,0, ,0.0,0.0,0.0,0.0,2,4000,0,0,0,0,0,0

STAR,MODN2P,35,5
IF,MODNI,60.036250,3.980833, ,0.0,0.0,0,0,0,0,0,0,0,0
TF,BR727,60.084403,4.376614,0, ,0.0,0.0,0.0,0.0,2,9000,0,0,0,0,0,0
TF,BR726,60.118881,4.666922,0, ,0.0,0.0,0.0,0.0,0,0,0,0,0,0,0,0
TF,BR724,60.104197,4.830814,0, ,0.0,0.0,0.0,0.0,4,8000,4000,1,220,0,0,0
TF,BR723,60.046469,4.830317,0, ,0.0,0.0,0.0,0.0,0,0,0,0,0,0,0,0
TF,IBLIR,59.992131,4.869267,0, ,0.0,0.0,0.0,0.0,4,8000,4000,1,220,0,0,0
TF,BR722,59.947706,4.942811,0, ,0.0,0.0,0.0,0.0,0,0,0,0,0,0,0,0
TF,BR721,59.918503,5.042044,0, ,0.0,0.0,0.0,0.0,0,0,0,0,0,0,0,0
TF,BR720,59.908150,5.172419,0, ,0.0,0.0,0.0,0.0,0,0,0,0,0,0,0,0
TF,RIVIP,60.074225,5.158156,0, ,0.0,0.0,0.0,0.0,2,4000,0,0,0,0,0,0

STAR,NIDG2N,17,5
IF,NIDGI,61.061167,4.809667, ,0.0,0.0,2,9000,0,0,0,0,0,0
TF,BR638,60.803944,4.668208,0, ,0.0,0.0,0.0,0.0,2,6000,0,0,0,0,0,0
TF,TUNIX,60.611175,4.563731,0, ,0.0,0.0,0.0,0.0,0,0,0,0,0,0,0,0
TF,BR635,60.530828,4.520564,0, ,0.0,0.0,0.0,0.0,0,0,0,1,220,0,0,0
TF,IRLOB,60.516256,4.686572,1, ,0.0,0.0,0.0,0.0,4,8000,4000,1,220,0,0,0
TF,BR632,60.570422,4.727094,0, ,0.0,0.0,0.0,0.0,0,0,0,0,0,0,0,0
TF,BR631,60.614461,4.802978,0, ,0.0,0.0,0.0,0.0,0,0,0,0,0,0,0,0
TF,BR630,60.645714,4.921950,0, ,0.0,0.0,0.0,0.0,0,0,0,0,0,0,0,0
TF,NEPAM,60.486378,5.018094,0, ,0.0,0.0,0.0,0.0,2,4000,0,0,0,0,0,0

STAR,NIDG2P,35,5
IF,NIDGI,61.061167,4.809667, ,0.0,0.0,2,9000,0,0,0,0,0,0
TF,NIDIN,60.675269,4.786914,0, ,0.0,0.0,0.0,0.0,2,6000,0,0,0,0,0,0
TF,LELMI,60.429311,4.772697,0, ,0.0,0.0,0.0,0.0,0,0,0,0,0,0,0,0
TF,BR724,60.104197,4.830814,0, ,0.0,0.0,0.0,0.0,4,8000,4000,1,220,0,0,0
TF,BR723,60.046469,4.830317,0, ,0.0,0.0,0.0,0.0,0,0,0,0,0,0,0,0
TF,IBLIR,59.992131,4.869267,0, ,0.0,0.0,0.0,0.0,4,8000,4000,1,220,0,0,0
TF,BR722,59.947706,4.942811,0, ,0.0,0.0,0.0,0.0,0,0,0,0,0,0,0,0
TF,BR721,59.918503,5.042044,0, ,0.0,0.0,0.0,0.0,0,0,0,0,0,0,0,0
TF,BR720,59.908150,5.172419,0, ,0.0,0.0,0.0,0.0,0,0,0,0,0,0,0,0
TF,RIVIP,60.074225,5.158156,0, ,0.0,0.0,0.0,0.0,2,4000,0,0,0,0,0,0

STAR,OXEB1P,35,5
IF,OXEBU,60.344417,4.507111, ,0.0,0.0,0,0,0,0,0,0,0,0
TF,BR553,60.301961,4.694497,0, ,0.0,0.0,0.0,0.0,0,0,0,0,0,0,0,0
TF,BR552,60.137850,4.783122,0, ,0.0,0.0,0.0,0.0,0,0,0,0,0,0,0,0
TF,NISOV,60.143869,4.882386,0, ,0.0,0.0,0.0,0.0,0,0,0,0,0,0,0,0
TF,BR551,60.197525,4.899175,0, ,0.0,0.0,0.0,0.0,0,0,0,0,0,0,0,0
TF,ELMEG,60.238883,4.969892,0, ,0.0,0.0,0.0,0.0,0,0,0,0,0,0,0,0
TF,UPEPI,60.155722,5.081583,2, ,0.0,0.0,0.0,0.0,2,2000,0,0,0,0,0,0

STAR,PESU3N,17,5
IF,PESUR,60.243250,6.585361, ,0.0,0.0,2,10000,0,0,0,0,0,0
TF,BR627,60.356258,6.120786,0, ,0.0,0.0,0.0,0.0,4,13000,8000,0,0,0,0,0
TF,BR624,60.477389,5.611536,0, ,0.0,0.0,0.0,0.0,4,8000,6000,1,220,0,0,0
TF,LUTIV,60.535108,5.613150,0, ,0.0,0.0,0.0,0.0,4,8000,6000,1,220,0,0,0
TF,BR623,60.589614,5.574533,0, ,0.0,0.0,0.0,0.0,0,0,0,0,0,0,0,0
TF,BR622,60.634300,5.500183,0, ,0.0,0.0,0.0,0.0,0,0,0,0,0,0,0,0
TF,BR621,60.663725,5.399031,0, ,0.0,0.0,0.0,0.0,0,0,0,0,0,0,0,0
TF,BR620,60.674144,5.265633,0, ,0.0,0.0,0.0,0.0,0,0,0,0,0,0,0,0
TF,GILVA,60.508089,5.280411,0, ,0.0,0.0,0.0,0.0,2,4000,0,0,0,0,0,0

STAR,PESU4P,35,5
IF,PESUR,60.243250,6.585361, ,0.0,0.0,2,10000,0,0,0,0,0,0
TF,POSCU,60.221136,5.849572,0, ,0.0,0.0,0.0,0.0,2,8000,0,0,0,0,0,0
TF,BR734,60.179469,5.705108,0, ,0.0,0.0,0.0,0.0,4,8000,6500,1,220,0,0,0
TF,BR733,60.125269,5.744969,0, ,0.0,0.0,0.0,0.0,0,0,0,0,0,0,0,0
TF,RATUG,60.067539,5.745203,0, ,0.0,0.0,0.0,0.0,4,8000,6500,1,220,0,0,0
TF,BR732,60.013244,5.705981,0, ,0.0,0.0,0.0,0.0,0,0,0,0,0,0,0,0
TF,BR731,59.968903,5.632189,0, ,0.0,0.0,0.0,0.0,0,0,0,0,0,0,0,0
TF,BR730,59.937008,5.516344,0, ,0.0,0.0,0.0,0.0,0,0,0,0,0,0,0,0
TF,GODID,60.095667,5.417281,0, ,0.0,0.0,0.0,0.0,2,4000,0,0,0,0,0,0

APPTR,D17,17,BABLU
IF,BABLU,60.473750,5.157214, ,0.0,0.0,2,3000,0,1,210,0,1,0
CF,FD17,60.411403,5.180122,0,FLS,350.0,6.1,169.0,3.8,2,2500,0,0,0,0,0,0

APPTR,D17,17,FLS1
IF,FLS,60.311261,5.212194, ,0.0,0.0,2,3000,0,1,220,0,1,0
FD,FLS,60.311261,5.212194,0,FLS,0.0,10.0,330.0,10.0,0,0,0,0,0,0,0,0
CF,BABLU,60.473750,5.157214,2,FLS,349.5,9.9,169.0,1.0,2,3000,0,1,210,0,1,0
CF,FD17,60.411403,5.180122,0,FLS,350.0,6.1,169.0,3.8,2,2500,0,0,0,0,0,0

APPTR,D17,17,FLS2
IF,FLS,60.311261,5.212194, ,0.0,0.0,2,3000,0,1,140,0,1,0
FD,FLS,60.311261,5.212194,0,FLS,0.0,10.0,341.0,10.0,0,0,0,0,0,0,0,0
CF,BABLU,60.473750,5.157214,2,FLS,349.5,9.9,169.0,1.0,2,3000,0,0,0,0,1,0
CF,FD17,60.411403,5.180122,0,FLS,350.0,6.1,169.0,3.8,2,2500,0,0,0,0,0,0

APPTR,D17,17,GILVA
IF,GILVA,60.508089,5.280411, ,0.0,0.0,0,0,0,1,220,0,1,0
CF,BABLU,60.473750,5.157214,0,FLS,349.5,9.9,240.0,4.2,2,3000,0,1,210,0,1,0
CF,FD17,60.411403,5.180122,0,FLS,350.0,6.1,169.0,3.8,2,2500,0,0,0,0,0,0

APPTR,D17,17,NEPAM
IF,NEPAM,60.486378,5.018094, ,0.0,0.0,0,0,0,1,220,0,1,0
CF,BABLU,60.473750,5.157214,0,FLS,349.5,9.9,99.0,4.2,2,3000,0,1,210,0,1,0
CF,FD17,60.411403,5.180122,0,FLS,350.0,6.1,169.0,3.8,2,2500,0,0,0,0,0,0

FINAL,D17,17,D,4
IF,FD17,60.411403,5.180122,FLS,350.0,6.1,2,2500,0,0,0,0,2,0
CF,30VOR,60.360511,5.196444,0,FLS,350.0,3.0,170.0,3.1,2,1410,0,0,0,0,0,0
CF,10VO1,60.329319,5.206425,0,FLS,350.0,1.1,170.0,2.0,2,750,0,0,0,0,0,0
CF,FLS,60.311261,5.212194,0,FLS,0.0,0.0,170.0,1.0,1,366,0,0,0,0,3,0
CF,UNZIL,60.055086,5.297589,0,FLS,169.5,15.6,170.0,15.6,0,0,0,0,0,0,0,0
HM,UNZIL,60.055086,5.297589,2, ,0.0,0.0,170.0,03.6,1,3000,0,0,0,0,0,0,0

APPTR,D35,35,FLS1
IF,FLS,60.311261,5.212194, ,0.0,0.0,2,3000,0,0,0,0,1,0
FD,FLS,60.311261,5.212194,0,FLS,0.0,11.0,187.0,11.0,2,2500,0,1,220,0,0,0
CF,INVER,60.167750,5.260158,1,FLS,170.5,8.8,350.0,3.0,2,2500,0,0,0,0,0,0

APPTR,D35,35,FLS2
IF,FLS,60.311261,5.212194, ,0.0,0.0,2,3000,0,0,0,0,1,0
FD,FLS,60.311261,5.212194,0,FLS,0.0,11.0,178.0,11.0,2,2500,0,1,220,0,0,0
CF,INVER,60.167750,5.260158,1,FLS,170.5,8.8,350.0,3.0,2,2500,0,0,0,0,0,0

APPTR,D35,35,GODID
IF,GODID,60.095667,5.417281, ,0.0,0.0,0,0,0,1,220,0,1,0
TF,IDAVA,60.108567,5.279858,0, ,0.0,0.0,0.0,0.0,2,3000,0,1,200,0,1,0
CF,INVER,60.167750,5.260158,0,FLS,170.5,8.8,350.0,3.6,2,2500,0,0,0,0,0,0

APPTR,D35,35,IDAVA
IF,IDAVA,60.108567,5.279858, ,0.0,0.0,2,3000,0,1,200,0,1,0
CF,INVER,60.167750,5.260158,0,FLS,170.5,8.8,350.0,3.6,2,2500,0,0,0,0,0,0

APPTR,D35,35,RIVIP
IF,RIVIP,60.074225,5.158156, ,0.0,0.0,0,0,0,1,220,0,1,0
TF,IDAVA,60.108567,5.279858,0, ,0.0,0.0,0.0,0.0,2,3000,0,1,200,0,1,0
CF,INVER,60.167750,5.260158,0,FLS,170.5,8.8,350.0,3.6,2,2500,0,0,0,0,0,0

FINAL,D35,35,D,3
IF,INVER,60.167750,5.260158,FLS,170.5,8.8,2,2500,0,0,0,0,2,0
CF,45VOR,60.237592,5.238317,0,FLS,170.0,4.5,350.0,4.3,2,1120,0,0,0,0,0,0
CF,MD35,60.270333,5.226719,0,FLS,170.0,2.5,350.0,2.0,1,449,0,0,0,0,3,0
CF,FLS,60.311261,5.212194,0,FLS,0.0,0.0,350.0,2.5,0,0,0,0,0,0,0,0
CF,IRDAV,60.573528,5.122939,0,FLS,350.5,16.0,350.0,16.0,1,3000,0,0,0,0,0,0
HM,IRDAV,60.573528,5.122939,1, ,0.0,0.0,350.0,04,2,3000,0,1,220,0,0,0,0

APPTR,I17-W,17,GILVA
IF,GILVA,60.508089,5.280411, ,0.0,0.0,0,0,0,1,220,0,1,0
TF,BABLU,60.473750,5.157214,0,BR,0.0,0.0,0.0,0.0,2,3000,0,1,200,0,1,0

APPTR,I17-W,17,NEPAM
IF,NEPAM,60.486378,5.018094, ,0.0,0.0,0,0,0,1,220,0,1,0
TF,BABLU,60.473750,5.157214,0,BR,0.0,0.0,0.0,0.0,2,3000,0,1,200,0,1,0

FINAL,I17-W,17,I,3
IF,BABLU,60.473750,5.157214,BR,349.5,11.9,2,3000,0,1,200,0,1,0
CF,FF17W,60.417436,5.176306,0,BR,349.5,8.5,170.0,3.5,1,2400,0,0,0,0,2,0
CF,RW17,60.304233,5.214492,0,BR,349.5,1.6,170.0,6.9,1,218,0,0,0,0,3,0
CA,0,170.0,2,2000,0,0,0,0,0,0
CF,UNZIL,60.055086,5.297589,0,FLS,169.5,15.6,170.0,12.0,0,0,0,0,0,0,0,0
HM,UNZIL,60.055086,5.297589,2, ,0.0,0.0,170.0,03.6,1,3000,0,0,0,0,0,0,0

APPTR,I17-Y,17,VENIN
IF,VENIN,60.437381,5.005272, ,0.0,0.0,0,0,0,0,0,0,1,0
TF,BAPKI,60.422450,5.174608,0,BR,0.0,0.0,0.0,0.0,2,2000,0,1,100,0,1,0

FINAL,I17-Y,17,I,3
IF,BAPKI,60.422450,5.174608,BR,349.5,8.8,2,2000,0,1,100,0,0,0
CF,FF17Y,60.381369,5.188500,0,BR,349.5,6.3,170.0,2.5,1,1700,0,0,0,0,2,0
CF,RW17,60.304233,5.214492,0,BR,349.5,1.6,170.0,4.7,1,218,0,0,0,0,3,0
FC,RW17,60.304233,5.214492,0,FLS,0.0,0.0,170.0,2.2,2,570,0,0,0,0,0,1
CA,0,203.0,2,2100,0,0,0,0,0,0
CD, ,0,0,0,BR,0,0.0,203.0,7.0,0,0,0,0,0,0,0,0
VM,0,0,0,203.0,1,2100,0,0,0,0,0,0

APPTR,I35-W,35,GODID
IF,GODID,60.095667,5.417281, ,0.0,0.0,0,0,0,1,220,0,1,0
TF,IDAVA,60.108567,5.279858,0,BG,0.0,0.0,0.0,0.0,2,3000,0,1,200,0,1,0

APPTR,I35-W,35,RIVIP
IF,RIVIP,60.074225,5.158156, ,0.0,0.0,0,0,0,1,220,0,1,0
TF,IDAVA,60.108567,5.279858,0,BG,0.0,0.0,0.0,0.0,2,3000,0,1,200,0,1,0

FINAL,I35-W,35,I,3
IF,IDAVA,60.108567,5.279858,BG,169.5,12.1,2,3000,0,1,200,0,1,0
CF,FF35W,60.164264,5.261331,0,BG,169.5,8.7,350.0,3.4,1,2500,0,0,0,0,2,0
CF,RW35,60.282544,5.221775,0,BG,169.5,1.5,350.0,7.2,1,202,0,0,0,0,3,0
CF,IRDAV,60.573528,5.122939,0,FLS,349.5,16.0,350.0,17.8,1,3000,0,0,0,0,0,0
HM,IRDAV,60.573528,5.122939,1, ,0.0,0.0,350.0,04,2,3000,0,1,220,0,0,0,0

APPTR,I35-Y,35,UPEPI
IF,UPEPI,60.155722,5.081583, ,0.0,0.0,0,0,0,0,0,0,1,0
TF,TIMTA,60.186097,5.254056,0,BG,0.0,0.0,0.0,0.0,2,1600,0,0,0,0,1,0

FINAL,I35-Y,35,I,3
IF,TIMTA,60.186097,5.254056,BG,169.5,7.4,2,1600,0,0,0,0,0,0
CF,AMPOR,60.231189,5.238986,0,BG,169.5,4.7,350.0,2.8,1,1200,0,0,0,0,2,0
CF,RW35,60.282544,5.221775,0,BG,169.5,1.5,350.0,3.1,1,202,0,0,0,0,3,0
CF,FLS,60.311261,5.212194,0,FLS,0.0,0.0,350.0,1.8,2,570,0,0,0,0,0,1
FD,FLS,60.311261,5.212194,0,FLS,0.0,7.0,320.0,7.0,0,0,0,0,0,0,0,0
VM,0,0,0,320.0,1,2100,0,0,0,0,0,0

APPTR,L17-W,17,GILVA
IF,GILVA,60.508089,5.280411, ,0.0,0.0,0,0,0,1,220,0,1,0
CF,BABLU,60.473750,5.157214,0,BR,349.5,11.9,240.0,4.2,2,3000,0,1,200,0,1,0

APPTR,L17-W,17,NEPAM
IF,NEPAM,60.486378,5.018094, ,0.0,0.0,0,0,0,1,220,0,1,0
CF,BABLU,60.473750,5.157214,0,BR,349.5,11.9,99.0,4.2,2,3000,0,1,200,0,1,0

FINAL,L17-W,17,D,4
IF,BABLU,60.473750,5.157214,BR,349.5,11.9,2,3000,0,1,200,0,1,0
CF,FF17W,60.417436,5.176306,0,BR,349.5,8.5,170.0,3.5,2,2400,0,0,0,0,2,0
CF,40LOC,60.366614,5.193481,0,BR,349.5,5.4,170.0,3.1,2,1430,0,0,0,0,0,0
CF,ML17,60.314150,5.211156,0,BR,349.5,2.2,170.0,3.2,1,411,0,0,0,0,3,0
CA,0,170.0,2,2000,0,0,0,0,0,0
CF,UNZIL,60.055086,5.297589,0,FLS,169.5,15.6,170.0,12.0,0,0,0,0,0,0,0,0
HM,UNZIL,60.055086,5.297589,2, ,0.0,0.0,170.0,03.6,1,3000,0,0,0,0,0,0,0

APPTR,L17-Y,17,VENIN
IF,VENIN,60.437381,5.005272, ,0.0,0.0,0,0,0,0,0,0,1,0
CF,BAPKI,60.422450,5.174608,0,BR,349.5,8.8,99.0,5.1,2,2000,0,1,100,0,1,0

FINAL,L17-Y,17,D,4
IF,BAPKI,60.422450,5.174608,BR,349.5,8.8,2,2000,0,1,100,0,0,0
CF,FF17Y,60.381369,5.188500,0,BR,349.5,6.3,170.0,2.5,2,1700,0,0,0,0,2,0
CF,19LOC,60.332183,5.205086,0,BR,349.5,3.3,170.0,3.0,2,750,0,0,0,0,0,0
CF,ML17,60.314150,5.211156,0,BR,349.5,2.2,170.0,1.1,1,411,0,0,0,0,3,0
FC,ML17,60.314150,5.211156,0,FLS,0.0,0.0,170.0,2.8,2,570,0,0,0,0,0,1
CA,0,203.0,2,2100,0,0,0,0,0,0
CD, ,0,0,0,BR,0,0.0,203.0,7.0,0,0,0,0,0,0,0,0
VM,0,0,0,203.0,1,2100,0,0,0,0,0,0

APPTR,L35-W,35,GODID
IF,GODID,60.095667,5.417281, ,0.0,0.0,0,0,0,1,220,0,1,0
TF,IDAVA,60.108567,5.279858,0,BG,0.0,0.0,0.0,0.0,2,3000,0,1,200,0,1,0

APPTR,L35-W,35,RIVIP
IF,RIVIP,60.074225,5.158156, ,0.0,0.0,0,0,0,1,220,0,1,0
TF,IDAVA,60.108567,5.279858,0,BG,0.0,0.0,0.0,0.0,2,3000,0,1,200,0,1,0

FINAL,L35-W,35,D,4
IF,IDAVA,60.108567,5.279858,BG,169.5,12.1,2,3000,0,1,200,0,1,0
CF,TIXOM,60.164253,5.261325,0,BG,169.5,8.7,350.0,3.4,2,2500,0,0,0,0,2,0
CF,30LOC,60.236414,5.237236,0,BG,169.5,4.3,350.0,4.4,2,1100,0,0,0,0,0,0
CF,ML35W,60.269206,5.226247,0,BG,169.5,2.3,350.0,2.0,1,462,0,0,0,0,3,0
CF,IRDAV,60.573528,5.122939,0,FLS,349.5,16.0,350.0,18.6,1,3000,0,0,0,0,0,0
HM,IRDAV,60.573528,5.122939,1, ,0.0,0.0,350.0,04,2,3000,0,1,220,0,0,0,0

APPTR,L35-Y,35,UPEPI
IF,UPEPI,60.155722,5.081583, ,0.0,0.0,0,0,0,0,0,0,1,0
TF,TIMTA,60.186097,5.254056,0,BG,0.0,0.0,0.0,0.0,2,1600,0,0,0,0,1,0

FINAL,L35-Y,35,D,4
IF,TIMTA,60.186097,5.254056,BG,169.5,7.4,2,1600,0,0,0,0,0,0
CF,AMPOR,60.231189,5.238986,0,BG,169.5,4.7,350.0,2.8,2,1200,0,0,0,0,2,0
CF,24LOC,60.246253,5.233942,0,BG,169.5,3.7,350.0,0.9,2,910,0,0,0,0,0,0
CF,ML35Y,60.274125,5.224597,0,BG,169.5,2.0,350.0,1.7,1,366,0,0,0,0,3,0
CF,FLS,60.311261,5.212194,0,FLS,0.0,0.0,350.0,2.3,2,570,0,0,0,0,0,1
FD,FLS,60.311261,5.212194,0,FLS,0.0,7.0,320.0,7.0,2,2100,0,0,0,0,0,0
VM,0,0,0,320.0,1,2100,0,0,0,0,0,0

APPTR,R043,04,ELMEG
IF,ELMEG,60.238883,4.969892, ,0.0,0.0,2,2000,0,0,0,0,1,0
TF,BR711,60.220658,5.120922,0, ,0.0,0.0,0.0,0.0,2,2000,0,0,0,0,0,0

APPTR,R043,04,VIKSO
IF,VIKSO,60.177617,5.038119, ,0.0,0.0,2,2100,0,0,0,0,1,0
TF,MOMUX,60.196833,5.075044,0, ,0.0,0.0,0.0,0.0,2,2100,0,0,0,0,1,0
TF,BR711,60.220658,5.120922,0, ,0.0,0.0,0.0,0.0,2,2000,0,0,0,0,0,0

FINAL,R043,04,R,2
IF,BR711,60.220658,5.120922, ,0.0,0.0,2,2000,0,0,0,0,2,0
TF,BR710,60.266814,5.210092,0, ,0.0,0.0,43.0,3.9,1,420,0,0,0,0,3,1
FA,BR710,60.266814,5.210092,0,FLS,0.0,0.0,43.0,2,680,0,0,0,0,0,0
CF,BR715,60.427550,4.972367,1,FLS,313.5,10.0,314.0,11.0,1,2000,0,0,0,0,0,0

APPTR,R139,13,VENIN
IF,VENIN,60.437381,5.005272, ,0.0,0.0,2,2000,0,0,0,0,1,0
TF,BR812,60.368886,5.119550,0, ,0.0,0.0,0.0,0.0,2,2000,0,0,0,0,0,0

FINAL,R139,13,R,2
IF,BR812,60.368886,5.119550, ,0.0,0.0,2,2000,0,0,0,0,2,0
TF,BR810,60.321442,5.198511,0, ,0.0,0.0,139.0,3.7,1,500,0,0,0,0,3,1
TF,BR920,60.205150,5.068697,0, ,0.0,0.0,0.0,0.0,0,0,0,0,0,0,0,1
DF,BR919,60.373183,4.850981,2, ,0.0,0.0,0,0,0,0,0,0,0,0
TF,VENIN,60.437381,5.005272,2, ,0.0,0.0,0.0,0.0,1,2000,0,0,0,0,0,0

APPTR,R17-E,17,INMEC
IF,INMEC,60.419317,5.657781, ,0.0,0.0,2,6000,0,0,0,0,1,0
TF,GUTCI,60.420311,5.556589,0, ,0.0,0.0,0.0,0.0,2,5000,0,0,0,0,0,0
TF,CUBOZ,60.421269,5.450356,0, ,0.0,0.0,0.0,0.0,2,4000,0,0,0,0,1,0

FINAL,R17-E,17,R,5
IF,CUBOZ,60.421269,5.450356, ,0.0,0.0,2,4000,0,0,0,0,0,0
TF,BR402,60.410147,5.314028,0, ,0.0,0.0,260.0,4.1,2,2800,0,0,0,0,0,0
TF,BR403,60.405886,5.261997,0, ,0.0,0.0,260.0,1.6,2,2300,0,1,210,0,0,0
RF,BR404,60.359978,5.195722,1,BR001,171.3,2.4,2,1300,0,0,0,0,2,0
TF,RW17,60.304233,5.214492,0, ,0.0,0.0,170.0,3.4,1,216,0,0,0,0,3,1
TF,UNZIL,60.055086,5.297589,0, ,0.0,0.0,0.0,0.0,0,0,0,0,0,0,0,0
HM,UNZIL,60.055086,5.297589,2, ,0.0,0.0,170.0,04.3,1,3000,0,0,0,0,0,0,0

APPTR,R17-N,17,GILVA
IF,GILVA,60.508089,5.280411, ,0.0,0.0,2,3800,0,0,0,0,1,0
TF,BR406,60.430944,5.263722,0, ,0.0,0.0,0.0,0.0,2,2700,0,1,220,0,1,0

FINAL,R17-N,17,R,4
IF,BR406,60.430944,5.263722, ,0.0,0.0,2,2700,0,1,220,0,0,0
RF,BR407,60.398317,5.226481,2,BR003,202.4,2.8,2,1900,0,1,210,0,0,0
RF,BR404,60.359978,5.195722,1,BR001,171.3,2.4,2,1300,0,0,0,0,2,0
TF,RW17,60.304233,5.214492,0, ,0.0,0.0,170.0,3.4,1,216,0,0,0,0,3,1
TF,UNZIL,60.055086,5.297589,0, ,0.0,0.0,0.0,0.0,0,0,0,0,0,0,0,0
HM,UNZIL,60.055086,5.297589,2, ,0.0,0.0,170.0,04.3,1,3000,0,0,0,0,0,0,0

APPTR,R17-S,17,ELDOS
IF,ELDOS,60.324572,5.502508, ,0.0,0.0,2,5000,0,0,0,0,1,0
TF,BR405,60.389108,5.413636,0, ,0.0,0.0,0.0,0.0,2,3700,0,1,220,0,1,0

FINAL,R17-S,17,R,5
IF,BR405,60.389108,5.413636, ,0.0,0.0,2,3700,0,1,220,0,0,0
RF,BR402,60.410147,5.314028,1,BR002,261.4,3.0,2,2800,0,0,0,0,0,0
TF,BR403,60.405886,5.261997,0, ,0.0,0.0,260.0,1.6,2,2300,0,1,210,0,0,0
RF,BR404,60.359978,5.195722,1,BR001,171.3,2.4,2,1300,0,0,0,0,2,0
TF,RW17,60.304233,5.214492,0, ,0.0,0.0,170.0,3.4,1,216,0,0,0,0,3,1
TF,UNZIL,60.055086,5.297589,0, ,0.0,0.0,0.0,0.0,0,0,0,0,0,0,0,0
HM,UNZIL,60.055086,5.297589,2, ,0.0,0.0,170.0,04.3,1,3000,0,0,0,0,0,0,0

APPTR,R17-W,17,ELSEC
IF,ELSEC,60.329594,5.002758, ,0.0,0.0,2,3000,0,0,0,0,1,0
TF,BR408,60.371131,5.030256,0, ,0.0,0.0,0.0,0.0,2,2500,0,1,205,0,1,0

FINAL,R17-W,17,R,4
IF,BR408,60.371131,5.030256, ,0.0,0.0,2,2500,0,1,205,0,0,0
RF,BR409,60.397017,5.128964,2,BR004,139.0,2.4,2,1900,0,0,0,0,0,0
RF,BR404,60.359978,5.195722,2,BR005,171.3,2.8,2,1300,0,0,0,0,2,0
TF,RW17,60.304233,5.214492,0, ,0.0,0.0,170.0,3.4,1,216,0,0,0,0,3,1
TF,UNZIL,60.055086,5.297589,0, ,0.0,0.0,0.0,0.0,0,0,0,0,0,0,0,0
HM,UNZIL,60.055086,5.297589,2, ,0.0,0.0,170.0,04.3,1,3000,0,0,0,0,0,0,0

APPTR,R17-Z,17,GILVA
IF,GILVA,60.508089,5.280411, ,0.0,0.0,2,4000,0,1,220,0,1,0
TF,BABLU,60.473750,5.157214,0, ,0.0,0.0,0.0,0.0,2,3000,0,1,200,0,1,0

APPTR,R17-Z,17,NEPAM
IF,NEPAM,60.486378,5.018094, ,0.0,0.0,2,4000,0,1,220,0,1,0
TF,BABLU,60.473750,5.157214,0, ,0.0,0.0,0.0,0.0,2,3000,0,1,200,0,1,0

FINAL,R17-Z,17,R,3
IF,BABLU,60.473750,5.157214, ,0.0,0.0,2,3000,0,1,200,0,1,0
TF,ADVEV,60.416736,5.176542,0, ,0.0,0.0,169.0,3.5,2,2400,0,0,0,0,2,0
TF,RW17,60.304233,5.214492,0, ,0.0,0.0,169.0,6.8,1,216,0,0,0,0,3,1
TF,UNZIL,60.055086,5.297589,0, ,0.0,0.0,0.0,0.0,0,0,0,0,0,0,0,0
HM,UNZIL,60.055086,5.297589,2, ,0.0,0.0,170.0,04.3,1,3000,0,0,0,0,0,0,0

APPTR,R35-E,35,ADMIN
IF,ADMIN,60.215956,5.477331, ,0.0,0.0,2,4000,0,0,0,0,1,0
TF,BR412,60.185881,5.366317,0, ,0.0,0.0,0.0,0.0,2,2600,0,1,205,0,1,0

FINAL,R35-E,35,R,3
IF,BR412,60.185881,5.366317, ,0.0,0.0,2,2600,0,1,205,0,0,0
RF,BR411,60.215475,5.244264,2,BR006,351.3,2.5,2,1500,0,0,0,0,2,0
TF,RW35,60.282544,5.221775,0, ,0.0,0.0,350.0,4.1,1,196,0,0,0,0,3,1
TF,IRDAV,60.573528,5.122939,0, ,0.0,0.0,0.0,0.0,0,0,0,0,0,0,0,0
HM,IRDAV,60.573528,5.122939,1, ,0.0,0.0,350.0,04.3,1,3000,0,0,0,0,0,0,0

APPTR,R35-N,35,LUFDA
IF,LUFDA,60.253733,5.450650, ,0.0,0.0,2,4000,0,0,0,0,1,0
TF,BR410,60.203911,5.401108,0, ,0.0,0.0,0.0,0.0,2,3000,0,1,205,0,1,0

FINAL,R35-N,35,R,3
IF,BR410,60.203911,5.401108, ,0.0,0.0,2,3000,0,1,205,0,0,0
RF,BR411,60.215475,5.244264,2,BR006,351.3,2.5,2,1500,0,0,0,0,2,0
TF,RW35,60.282544,5.221775,0, ,0.0,0.0,350.0,4.1,1,196,0,0,0,0,3,1
TF,IRDAV,60.573528,5.122939,0, ,0.0,0.0,0.0,0.0,0,0,0,0,0,0,0,0
HM,IRDAV,60.573528,5.122939,1, ,0.0,0.0,350.0,04.3,1,3000,0,0,0,0,0,0,0

APPTR,R35-W,35,TAMEG
IF,TAMEG,60.252847,5.061794, ,0.0,0.0,2,3000,0,0,0,0,1,0
TF,BR414,60.214003,5.091475,0, ,0.0,0.0,0.0,0.0,2,2500,0,1,220,0,1,0

FINAL,R35-W,35,R,4
IF,BR414,60.214003,5.091475, ,0.0,0.0,2,2500,0,1,220,0,0,0
RF,BR415,60.186264,5.165186,1,BR007,43.4,2.6,2,2000,0,1,195,0,0,0
RF,BR413,60.226794,5.240475,1,BR008,351.3,2.1,2,1300,0,0,0,0,2,0
TF,RW35,60.282544,5.221775,0, ,0.0,0.0,350.0,3.4,1,196,0,0,0,0,3,1
TF,IRDAV,60.573528,5.122939,0, ,0.0,0.0,0.0,0.0,0,0,0,0,0,0,0,0
HM,IRDAV,60.573528,5.122939,1, ,0.0,0.0,350.0,04.3,1,3000,0,0,0,0,0,0,0

APPTR,R35-Z,35,GODID
IF,GODID,60.095667,5.417281, ,0.0,0.0,2,4000,0,1,220,0,1,0
TF,IDAVA,60.108567,5.279858,0, ,0.0,0.0,0.0,0.0,2,3000,0,1,200,0,1,0

APPTR,R35-Z,35,RIVIP
IF,RIVIP,60.074225,5.158156, ,0.0,0.0,2,4000,0,1,220,0,1,0
TF,IDAVA,60.108567,5.279858,0, ,0.0,0.0,0.0,0.0,2,3000,0,1,200,0,1,0

FINAL,R35-Z,35,R,3
IF,IDAVA,60.108567,5.279858, ,0.0,0.0,2,3000,0,1,200,0,1,0
TF,TIXOM,60.164253,5.261325,0, ,0.0,0.0,350.0,3.4,2,2500,0,0,0,0,2,0
TF,RW35,60.282544,5.221775,0, ,0.0,0.0,350.0,7.2,1,196,0,0,0,0,3,1
TF,IRDAV,60.573528,5.122939,0, ,0.0,0.0,0.0,0.0,1,3000,0,0,0,0,0,0
HM,IRDAV,60.573528,5.122939,1, ,0.0,0.0,350.0,04.3,2,3000,0,1,210,0,0,0,0

