APPTR,N22,22,SA
IF,SA,54.432250,16.396361, ,0.0,0.0,2,2000,0,0,0,0,1,0
FC,SA,54.432250,16.396361,0,DAR,0.0,0.0,61.0,4.3,2,1700,0,0,0,0,0,1
CF,CN22,54.484542,16.480158,1,DAR,31.8,5.5,217.0,1.0,2,1700,0,0,0,0,0,0

FINAL,N22,22,N,3
IF,CN22,54.484542,16.480158,SA,0.0,0.0,2,1700,0,0,0,0,0,0
CF,SA,54.432250,16.396361,0,SA,0.0,0.0,217.0,4.3,2,1100,0,0,0,0,2,0
CF,S,54.414639,16.368639,0,SA,0.0,0.0,217.0,1.5,1,376,0,0,0,0,3,0
FA,S,54.414639,16.368639,0,DAR,0.0,0.0,217.0,2,1100,0,0,0,0,0,0
DF,SA,54.432250,16.396361,2, ,0.0,0.0,1,2000,0,0,0,0,0,0

APPTR,N22-X,22,S
IF,S,54.414639,16.368639, ,0.0,0.0,2,2000,0,0,0,0,1,0
FC,S,54.414639,16.368639,0,DAR,0.0,0.0,51.0,5.8,2,1700,0,0,0,0,0,1
CF,FN22X,54.469939,16.457225,1,DAR,30.0,4.3,217.0,2.0,2,1700,0,0,0,0,0,0

FINAL,N22-X,22,N,2
IF,FN22X,54.469939,16.457225,S,0.0,0.0,2,1700,0,0,0,0,2,0
CF,S,54.414639,16.368639,0,S,0.0,0.0,217.0,4.6,1,252,0,0,0,0,3,0
FA,S,54.414639,16.368639,0,DAR,0.0,0.0,217.0,2,1200,0,0,0,0,0,0
DF,S,54.414639,16.368639,2, ,0.0,0.0,1,2000,0,0,0,0,0,0

APPTR,N22-Y,22,SA
IF,SA,54.432250,16.396361, ,0.0,0.0,2,2000,0,0,0,0,1,0
FC,SA,54.432250,16.396361,0,DAR,0.0,0.0,53.0,4.7,2,1700,0,0,0,0,0,1
CF,FN22Y,54.480897,16.474306,1,DAR,31.4,5.2,217.0,1.0,2,1700,0,0,0,0,0,0

FINAL,N22-Y,22,N,2
IF,FN22Y,54.480897,16.474306,SA,0.0,0.0,2,1700,0,0,0,0,2,0
CF,SA,54.432250,16.396361,0,SA,0.0,0.0,217.0,4.0,1,710,0,0,0,0,3,0
FA,SA,54.432250,16.396361,0,DAR,0.0,0.0,217.0,2,1200,0,0,0,0,0,0
DF,SA,54.432250,16.396361,2, ,0.0,0.0,1,2000,0,0,0,0,0,0

APPTR,Q04,04,SA1
IF,SA,54.432250,16.396361, ,0.0,0.0,2,2000,0,0,0,0,1,0
FD,SA,54.432250,16.396361,0,DAR,8.4,6.5,234.0,6.5,2,1500,0,0,0,0,0,0
CF,CQ04,54.339314,16.248189,1,DAR,225.1,6.5,37.0,1.0,2,1500,0,0,0,0,0,0

APPTR,Q04,04,SA2
IF,SA,54.432250,16.396361, ,0.0,0.0,2,2000,0,0,0,0,1,0
FD,SA,54.432250,16.396361,0,DAR,8.4,6.5,228.0,6.5,2,1500,0,0,0,0,0,0
CF,CQ04,54.339314,16.248189,1,DAR,225.1,6.5,37.0,1.0,2,1500,0,0,0,0,0,0

FINAL,Q04,04,N,3
IF,CQ04,54.339314,16.248189,SA,0.0,0.0,2,1500,0,0,0,0,0,0
CF,FQ04,54.355056,16.274861,0,SA,0.0,0.0,37.0,1.3,2,1300,0,0,0,0,2,0
CF,MQ04,54.395000,16.337611,0,DAR,0.0,2.0,37.0,3.3,1,253,0,0,0,0,3,0
TF,SA,54.432250,16.396361,0, ,0.0,0.0,0.0,0.0,0,0,0,0,0,0,0,0
FA,SA,54.432250,16.396361,0,DAR,0.0,0.0,37.0,2,1200,0,0,0,0,0,0
DF,SA,54.432250,16.396361,2, ,0.0,0.0,1,2000,0,0,0,0,0,0

APPTR,Q22-Z,22,SA1
IF,SA,54.432250,16.396361, ,0.0,0.0,2,2000,0,0,0,0,1,0
FD,SA,54.432250,16.396361,0,DAR,8.4,6.0,60.0,6.0,2,1700,0,0,0,0,0,0
CF,CQ22Z,54.490619,16.489917,1,DAR,32.4,6.0,217.0,1.0,2,1700,0,0,0,0,0,0

APPTR,Q22-Z,22,SA2
IF,SA,54.432250,16.396361, ,0.0,0.0,2,2000,0,0,0,0,1,0
FD,SA,54.432250,16.396361,0,DAR,8.4,6.0,56.0,6.0,2,1700,0,0,0,0,0,0
CF,CQ22Z,54.490619,16.489917,1,DAR,32.4,6.0,217.0,1.0,2,1700,0,0,0,0,0,0

FINAL,Q22-Z,22,N,3
IF,CQ22Z,54.490619,16.489917,SA,0.0,0.0,2,1700,0,0,0,0,0,0
CF,FQ22Z,54.441139,16.410417,0,SA,0.0,0.0,217.0,4.1,2,1100,0,0,0,0,2,0
CF,S,54.414639,16.368639,0,DAR,0.0,0.7,217.0,2.2,1,287,0,0,0,0,3,0
FA,S,54.414639,16.368639,0,DAR,0.0,0.0,217.0,2,1100,0,0,0,0,0,0
DF,SA,54.432250,16.396361,2, ,0.0,0.0,1,2000,0,0,0,0,0,0

APPTR,T04,04,TDA1
IF,TDA,54.404806,16.358167, ,0.0,0.0,2,2000,0,0,0,0,1,0
FD,TDA,54.404806,16.358167,0,TDA,0.0,6.0,239.0,6.0,2,1500,0,0,0,0,0,0
CF,CT04,54.340172,16.227853,1,TDA,223.7,6.0,44.0,1.0,2,1500,0,0,0,0,0,0

APPTR,T04,04,TDA2
IF,TDA,54.404806,16.358167, ,0.0,0.0,2,2000,0,0,0,0,1,0
FD,TDA,54.404806,16.358167,0,TDA,0.0,6.0,235.0,6.0,2,1500,0,0,0,0,0,0
CF,CT04,54.340172,16.227853,1,TDA,223.7,6.0,44.0,1.0,2,1500,0,0,0,0,0,0

FINAL,T04,04,D,3
IF,CT04,54.340172,16.227853,TDA,223.7,6.0,2,1500,0,0,0,0,0,0
CF,FT04,54.359722,16.267194,0,TDA,223.7,4.2,44.0,1.8,2,1300,0,0,0,0,2,0
CF,MT04,54.399444,16.347306,0,TDA,223.8,0.5,44.0,3.7,1,115,0,0,0,0,3,0
FA,MT04,54.399444,16.347306,0,TDA,0.0,0.0,44.0,2,1100,0,0,0,0,0,0
DF,TDA,54.404806,16.358167,2, ,0.0,0.0,1,2000,0,0,0,0,0,0

APPTR,T22,22,TDA1
IF,TDA,54.404806,16.358167, ,0.0,0.0,2,2000,0,0,0,0,1,0
FD,TDA,54.404806,16.358167,0,TDA,0.0,7.0,40.0,7.0,2,1700,0,0,0,0,0,0
CF,CT22,54.502178,16.467819,1,TDA,27.2,7.0,207.0,1.0,2,1700,0,0,0,0,0,0

APPTR,T22,22,TDA2
IF,TDA,54.404806,16.358167, ,0.0,0.0,2,2000,0,0,0,0,1,0
FD,TDA,54.404806,16.358167,0,TDA,0.0,7.0,37.0,7.0,2,1700,0,0,0,0,0,0
CF,CT22,54.502178,16.467819,1,TDA,27.2,7.0,207.0,1.0,2,1700,0,0,0,0,0,0

FINAL,T22,22,D,3
IF,CT22,54.502178,16.467819,TDA,27.2,7.0,2,1700,0,0,0,0,0,0
CF,FT22,54.445722,16.404167,0,TDA,27.2,2.9,207.0,4.1,2,1100,0,0,0,0,2,0
CF,MT22,54.411778,16.365972,0,TDA,27.1,0.5,207.0,2.4,1,208,0,0,0,0,3,0
FA,MT22,54.411778,16.365972,0,TDA,0.0,0.0,207.0,2,1100,0,0,0,0,0,0
DF,TDA,54.404806,16.358167,2, ,0.0,0.0,1,2000,0,0,0,0,0,0

