SID,DEBH1C,08,5
DF,DER08,49.308489,10.641178,0, ,0.0,0.0,0,0,0,0,0,0,0,0
VA,0,76.0,2,2000,0,0,0,0,0,0
DF,EB405,49.364094,10.629614,1, ,0.0,0.0,3,3000,0,1,120,0,0,0
TF,DEBHI,49.360731,10.466208,0, ,0.0,0.0,0.0,0.0,2,4000,0,0,0,0,0,0

SID,DEBH1D,26,5
DF,DER26,49.307836,10.636164,0, ,0.0,0.0,0,0,0,0,0,0,0,0
VA,0,256.0,2,2400,0,0,0,0,0,0
DF,DEBHI,49.360731,10.466208,0, ,0.0,0.0,2,4000,0,1,120,0,0,0

APPTR,N26,26,DKB
IF,DKB,49.142753,10.238306, ,0.0,0.0,2,5000,0,1,90,0,0,0
TF,ANS,49.308897,10.631575,0, ,0.0,0.0,0.0,0.0,2,3500,0,0,0,0,0,0
HF,ANS,49.308897,10.631575,2, ,0.0,0.0,260.0,04.3,2,3300,0,1,90,0,1,0,0

FINAL,N26,26,N,2
IF,FN26,49.329403,10.890725,ANS,0.0,0.0,2,3300,0,1,90,0,2,0
CF,RW26,49.308492,10.641183,0,ANS,0.0,0.0,260.0,9.9,1,1582,0,0,0,0,3,0
CF,ANS,49.308897,10.631575,0,MAH,334.0,68.3,260.0,0.4,0,0,0,0,0,0,0,1
HM,ANS,49.308897,10.631575,2, ,0.0,0.0,260.0,04.3,2,3500,0,1,90,0,0,0,0

APPTR,R08,08,DKB
IF,DKB,49.142753,10.238306, ,0.0,0.0,4,5000,3800,1,90,0,0,0
TF,EB503,49.281403,10.434183,0, ,0.0,0.0,0.0,0.0,2,3800,0,0,0,0,0,0
HF,EB503,49.281403,10.434183,2, ,0.0,0.0,76.0,02.5,2,3800,0,1,120,0,1,0,0

APPTR,R08,08,NUB
IF,NUB,49.502919,11.035000, ,0.0,0.0,4,5000,3800,1,90,0,0,0
TF,EB503,49.281403,10.434183,0, ,0.0,0.0,0.0,0.0,2,3800,0,0,0,0,0,0
HF,EB503,49.281403,10.434183,2, ,0.0,0.0,76.0,02.5,2,3800,0,1,120,0,1,0,0

FINAL,R08,08,R,3
IF,EB503,49.281403,10.434183, ,0.0,0.0,2,3800,0,1,90,0,0,0
TF,EB504,49.291583,10.511611,0, ,0.0,0.0,76.0,3.1,2,3300,0,0,0,0,2,0
TF,RW08,49.307836,10.636139,0, ,0.0,0.0,76.0,5.0,1,1579,0,0,0,0,3,1
CA,0,76.0,2,1845,0,0,0,0,0,0
DF,EB505,49.324647,10.766122,0, ,0.0,0.0,2,3500,0,1,90,0,0,1
HM,EB505,49.324647,10.766122,2, ,0.0,0.0,76.0,02.5,3,5000,0,1,120,0,0,0,0

APPTR,R26,26,DKB
IF,DKB,49.142753,10.238306, ,0.0,0.0,4,5000,3400,1,90,0,0,0
TF,EB406,49.328753,10.798000,0, ,0.0,0.0,0.0,0.0,2,3400,0,0,0,0,0,0
HF,EB406,49.328753,10.798000,2, ,0.0,0.0,256.0,02.5,2,3400,0,0,0,0,1,0,0

APPTR,R26,26,NUB
IF,NUB,49.502919,11.035000, ,0.0,0.0,4,5000,3400,1,90,0,0,0
TF,EB406,49.328753,10.798000,0, ,0.0,0.0,0.0,0.0,2,3400,0,0,0,0,0,0
HF,EB406,49.328753,10.798000,2, ,0.0,0.0,256.0,02.5,2,3400,0,0,0,0,1,0,0

FINAL,R26,26,R,3
IF,EB406,49.328753,10.798000, ,0.0,0.0,2,3400,0,1,90,0,0,0
TF,EB407,49.319094,10.723014,0, ,0.0,0.0,256.0,3.0,2,2800,0,0,0,0,2,0
TF,RW26,49.308492,10.641183,0, ,0.0,0.0,256.0,3.3,1,1583,0,0,0,0,3,1
CA,0,256.0,2,1845,0,0,0,0,0,0
DF,EB410,49.284975,10.461367,0, ,0.0,0.0,2,3400,0,1,90,0,0,1
HM,EB410,49.284975,10.461367,2, ,0.0,0.0,256.0,02.5,3,5000,0,1,120,0,0,0,0

