SID,DEBH1A,06,5
DF,DER06,49.475531,10.393125,0, ,0.0,0.0,0,0,0,0,0,0,0,0
VA,0,61.0,2,2300,0,0,0,0,0,0
DF,DEBHI,49.360731,10.466208,2, ,0.0,0.0,2,4000,0,1,120,0,0,0

SID,DEBH1B,24,5
DF,DER24,49.472117,10.382567,0, ,0.0,0.0,0,0,0,0,0,0,0,0
VA,0,241.0,2,2300,0,0,0,0,0,0
DF,DEBHI,49.360731,10.466208,1, ,0.0,0.0,2,4000,0,1,120,0,0,0

FINAL,N24,24,N,2
IF,FF24,49.542669,10.597697,ILM,0.0,0.0,2,3500,0,1,90,0,2,0
CF,RW24,49.475531,10.393125,0,ILM,0.0,0.0,240.0,9.0,1,1115,0,0,0,0,3,0
CF,ILM,49.471994,10.388322,0,MAH,330.6,81.3,240.0,0.3,0,0,0,0,0,0,0,1
CA,0,240.0,2,2700,0,0,0,0,0,0
DF,ILM,49.471994,10.388322,1, ,0.0,0.0,2,4000,0,1,90,0,0,0
HM,ILM,49.471994,10.388322,1, ,0.0,0.0,240.0,04.3,1,4000,0,0,0,0,0,0,0

APPTR,R06,06,DKB
IF,DKB,49.142753,10.238306, ,0.0,0.0,4,5000,3500,1,90,0,0,0
TF,IK413,49.358100,10.347100,0, ,0.0,0.0,0.0,0.0,4,5000,3500,0,0,0,1,0
TF,IK410,49.414872,10.279064,0, ,0.0,0.0,0.0,0.0,2,2800,0,0,0,0,1,0

FINAL,R06,06,R,3
IF,IK410,49.414872,10.279064, ,0.0,0.0,2,2800,0,1,90,0,0,0
TF,IK411,49.449672,10.314097,0, ,0.0,0.0,30.0,2.5,2,2500,0,0,0,0,2,0
TF,RW06,49.472117,10.382567,0, ,0.0,0.0,60.0,3.0,1,1127,0,0,0,0,3,1
CA,0,60.0,2,1478,0,0,0,0,0,0
DF,IK414,49.548689,10.516469,0, ,0.0,0.0,2,3500,0,1,90,0,0,1
HM,IK414,49.548689,10.516469,2, ,0.0,0.0,44.0,02.5,3,5000,0,1,120,0,0,0,0

APPTR,R24,24,DKB
IF,DKB,49.142753,10.238306, ,0.0,0.0,4,5000,3500,1,90,0,0,0
TF,IK405,49.499497,10.640319,0, ,0.0,0.0,0.0,0.0,4,5000,3500,0,0,0,1,0
TF,IK420,49.519800,10.530558,1, ,0.0,0.0,0.0,0.0,2,3500,0,0,0,0,1,0

APPTR,R24,24,IK407
IF,IK407,49.567469,10.574836, ,0.0,0.0,4,5000,3500,1,90,0,1,0
TF,IK420,49.519800,10.530558,0, ,0.0,0.0,0.0,0.0,2,3500,0,0,0,0,1,0

APPTR,R24,24,IK417
IF,IK417,49.541600,10.599614, ,0.0,0.0,4,5000,3500,1,90,0,1,0
TF,IK420,49.519800,10.530558,0, ,0.0,0.0,0.0,0.0,2,3500,0,0,0,0,1,0

APPTR,R24,24,IK420
HF,IK420,49.519800,10.530558,2, ,0.0,0.0,241.0,03,2,3500,0,1,120,0,1,0,0

FINAL,R24,24,R,3
IF,IK420,49.519800,10.530558, ,0.0,0.0,2,3500,0,1,90,0,0,0
TF,IK404,49.499067,10.466092,0, ,0.0,0.0,241.0,2.8,2,2300,0,0,0,0,2,0
TF,RW24,49.475531,10.393125,0, ,0.0,0.0,241.0,3.2,1,1116,0,0,0,0,3,1
CA,0,241.0,2,1478,0,0,0,0,0,0
DF,IK415,49.450644,10.316208,0, ,0.0,0.0,0,0,0,0,0,0,0,0
TF,IK416,49.510281,10.270678,0, ,0.0,0.0,0.0,0.0,0,0,0,0,0,0,0,0
TF,IK401,49.557736,10.399647,0, ,0.0,0.0,0.0,0.0,2,3500,0,1,90,0,0,1
HM,IK401,49.557736,10.399647,2, ,0.0,0.0,61.0,02.5,3,5000,0,1,120,0,0,0,0

