STAR,WOONS2,ALL,2
IF,ORW,41.556403,-71.999353, ,0.0,0.0,0,0,0,0,0,0,0,0
TF,JEWIT,41.696089,-71.825883,0, ,0.0,0.0,0.0,0.0,0,0,0,0,0,0,0,0
TF,FOSTY,41.843183,-71.642039,0, ,0.0,0.0,0.0,0.0,0,0,0,0,0,0,0,0
TF,HEFTY,41.905331,-71.563997,0, ,0.0,0.0,0.0,0.0,0,0,0,0,0,0,0,0
TF,WOONS,41.950575,-71.507039,0, ,0.0,0.0,0.0,0.0,0,0,0,0,0,0,0,0

APPTR,R14-Y,14,MILIS
IF,MILIS,42.105164,-71.311561, ,0.0,0.0,2,2700,0,0,0,0,1,0
TF,ZODED,42.048678,-71.298539,0, ,0.0,0.0,0.0,0.0,2,2700,0,0,0,0,1,0

APPTR,R14-Y,14,WOONS
IF,WOONS,41.950575,-71.507039, ,0.0,0.0,0,0,0,0,0,0,0,0
TF,WAXAL,42.006542,-71.334692,0, ,0.0,0.0,0.0,0.0,2,3000,0,0,0,0,1,0
TF,ZODED,42.048678,-71.298539,0, ,0.0,0.0,0.0,0.0,2,2700,0,0,0,0,1,0

FINAL,R14-Y,14,R,3
IF,ZODED,42.048678,-71.298539, ,0.0,0.0,2,2700,0,0,0,0,0,0
TF,HASUM,42.021686,-71.242006,0, ,0.0,0.0,139.0,3.0,2,1500,0,1,70,0,2,0
TF,RW14,42.001864,-71.200397,0, ,0.0,0.0,139.0,2.2,1,161,0,0,0,0,3,1
CA,0,139.0,2,480,0,0,0,0,0,0
DF,BURDY,41.955317,-70.952069,0, ,0.0,0.0,2,2000,0,1,70,0,0,1
HM,BURDY,41.955317,-70.952069,1, ,0.0,0.0,192.0,04,0,0,0,1,90,0,0,0,0

APPTR,R14-Z,14,HOTVU
IF,HOTVU,42.154403,-71.313208, ,0.0,0.0,0,0,0,0,0,0,1,0
TF,FENIP,42.084078,-71.373339,0, ,0.0,0.0,0.0,0.0,2,3000,0,0,0,0,1,0

APPTR,R14-Z,14,WHYBE
IF,WHYBE,42.253842,-71.416536, ,0.0,0.0,0,0,0,0,0,0,1,0
TF,FENIP,42.084078,-71.373339,0, ,0.0,0.0,0.0,0.0,2,3000,0,0,0,0,1,0

APPTR,R14-Z,14,WOONS
IF,WOONS,41.950575,-71.507039, ,0.0,0.0,0,0,0,0,0,0,1,0
TF,FENIP,42.084078,-71.373339,0, ,0.0,0.0,0.0,0.0,2,3000,0,0,0,0,1,0

FINAL,R14-Z,14,R,4
IF,FENIP,42.084078,-71.373339, ,0.0,0.0,2,3000,0,0,0,0,0,0
TF,STIME,42.039344,-71.279122,0, ,0.0,0.0,138.0,5.0,2,2000,0,0,0,0,2,0
TF,JOMGO,42.014217,-71.226325,0, ,0.0,0.0,139.0,2.8,2,780,0,0,0,0,0,0
TF,RW14,42.001864,-71.200397,0, ,0.0,0.0,139.0,1.4,1,181,0,0,0,0,3,1
CA,0,139.0,2,700,0,0,0,0,0,0
DF,BURDY,41.955317,-70.952069,0, ,0.0,0.0,2,2000,0,0,0,0,0,1
HM,BURDY,41.955317,-70.952069,1, ,0.0,0.0,192.0,04,0,0,0,0,0,0,0,0,0

APPTR,R32,32,AVONN
IF,AVONN,41.635917,-71.207264, ,0.0,0.0,0,0,0,0,0,0,0,0
TF,REPOY,41.823000,-71.033567,0, ,0.0,0.0,0.0,0.0,2,3000,0,0,0,0,1,0
TF,RAYNM,41.893136,-70.973269,0, ,0.0,0.0,0.0,0.0,2,3000,0,0,0,0,1,0

APPTR,R32,32,DUNKK
IF,DUNKK,42.081708,-70.656342, ,0.0,0.0,0,0,0,0,0,0,1,0
TF,RAYNM,41.893136,-70.973269,0, ,0.0,0.0,0.0,0.0,2,3000,0,0,0,0,1,0

APPTR,R32,32,SAVLE
IF,SAVLE,41.963222,-70.912808, ,0.0,0.0,0,0,0,0,0,0,1,0
TF,RAYNM,41.893136,-70.973269,0, ,0.0,0.0,0.0,0.0,2,3000,0,0,0,0,1,0

APPTR,R32,32,WOONS
IF,WOONS,41.950575,-71.507039, ,0.0,0.0,0,0,0,0,0,0,0,0
TF,RAYNM,41.893136,-70.973269,0, ,0.0,0.0,0.0,0.0,2,3000,0,0,0,0,0,1
HF,RAYNM,41.893136,-70.973269,2, ,0.0,0.0,319.0,04,2,3000,0,0,0,0,1,0,0

FINAL,R32,32,R,4
IF,RAYNM,41.893136,-70.973269, ,0.0,0.0,2,3000,0,0,0,0,0,0
TF,EASTN,41.959183,-71.110989,0, ,0.0,0.0,319.0,7.3,2,2000,0,0,0,0,2,0
TF,GEONS,41.988372,-71.172111,0, ,0.0,0.0,319.0,3.3,2,620,0,0,0,0,0,0
TF,RW32,41.997792,-71.191861,0, ,0.0,0.0,319.0,1.1,1,174,0,0,0,0,3,1
CA,0,319.0,2,700,0,0,0,0,0,0
DF,WHYBE,42.253842,-71.416536,0, ,0.0,0.0,2,3000,0,0,0,0,0,1
HM,WHYBE,42.253842,-71.416536,2, ,0.0,0.0,268.0,04,0,0,0,0,0,0,0,0,0

