APPTR,N303,30,CK
HF,CK,36.527058,-87.386756,1, ,0.0,0.0,303.0,04.3,2,2200,0,1,90,0,1,0,0

FINAL,N303,30,N,2
IF,CK,36.527058,-87.386756,CK,0.0,0.0,2,2200,0,1,90,0,2,0
CF,MA303,36.572497,-87.475675,0,CK,0.0,0.0,303.0,5.1,1,1080,0,0,0,0,3,0
CA,0,303.0,2,1080,0,0,0,0,0,0
DF,CK,36.527058,-87.386756,1, ,0.0,0.0,2,2200,0,1,90,0,0,0
HM,CK,36.527058,-87.386756,1, ,0.0,0.0,303.0,04.3,3,6000,0,0,0,0,0,0,0

APPTR,R05-X,05,GNSHP
IF,GNSHP,36.884703,-87.324992, ,0.0,0.0,2,2500,0,0,0,0,0,0
TF,OJLUW,36.430286,-87.643364,0, ,0.0,0.0,0.0,0.0,2,2500,0,0,0,0,0,1
HF,OJLUW,36.430286,-87.643364,2, ,0.0,0.0,47.0,06,2,2500,0,1,230,0,1,0,0

FINAL,R05-X,05,R,4
IF,OJLUW,36.430286,-87.643364, ,0.0,0.0,2,2500,0,0,0,0,0,0
TF,VUSNY,36.503486,-87.557206,0, ,0.0,0.0,47.0,6.1,2,2200,0,0,0,0,2,0
TF,QUWRE,36.532475,-87.523017,0, ,0.0,0.0,47.0,2.4,2,1440,0,0,0,0,0,0
TF,RW05,36.562686,-87.487347,0, ,0.0,0.0,47.0,2.5,1,640,0,0,0,0,3,1
CA,0,47.0,2,995,0,0,0,0,0,0
DF,NIXAE,36.731319,-87.287444,0, ,0.0,0.0,2,2400,0,0,0,0,0,1
HM,NIXAE,36.731319,-87.287444,2, ,0.0,0.0,227.0,06,3,6000,0,1,230,0,0,0,0

APPTR,R05-Y,05,FEKIB
HF,FEKIB,36.490164,-87.572903,2, ,0.0,0.0,47.0,04,2,2500,0,0,0,0,1,0,0

APPTR,R05-Y,05,GASGE
IF,GASGE,36.488919,-87.634889, ,0.0,0.0,2,2500,0,1,90,0,1,0
TF,FEKIB,36.490164,-87.572903,0, ,0.0,0.0,0.0,0.0,2,2500,0,0,0,0,1,0

APPTR,R05-Y,05,LETNE
IF,LETNE,36.440244,-87.568117, ,0.0,0.0,2,2500,0,1,90,0,1,0
TF,FEKIB,36.490164,-87.572903,0, ,0.0,0.0,0.0,0.0,2,2500,0,0,0,0,1,0

FINAL,R05-Y,05,R,3
IF,FEKIB,36.490164,-87.572903, ,0.0,0.0,2,2500,0,1,90,0,0,0
TF,ILOYA,36.526386,-87.530200,0, ,0.0,0.0,47.0,3.0,2,2200,0,0,0,0,2,0
TF,RW05,36.562686,-87.487347,0, ,0.0,0.0,47.0,3.0,1,635,0,0,0,0,3,1
CA,0,47.0,2,995,0,0,0,0,0,0
DF,LETNE,36.440244,-87.568117,2, ,0.0,0.0,2,2500,0,1,90,0,0,1
HM,LETNE,36.440244,-87.568117,2, ,0.0,0.0,359.0,04,3,10000,0,0,0,0,0,0,0

APPTR,R23-X,23,GNSHP
IF,GNSHP,36.884703,-87.324992, ,0.0,0.0,2,2400,0,0,0,0,1,0
TF,NIXAE,36.731319,-87.287444,0, ,0.0,0.0,0.0,0.0,2,2400,0,0,0,0,1,0

APPTR,R23-X,23,NIXAE
HF,NIXAE,36.731319,-87.287444,2, ,0.0,0.0,227.0,06,2,2400,0,1,230,0,1,0,0

FINAL,R23-X,23,R,3
IF,NIXAE,36.731319,-87.287444, ,0.0,0.0,2,2400,0,0,0,0,0,0
TF,WARUX,36.632592,-87.404608,0, ,0.0,0.0,227.0,8.2,2,2200,0,0,0,0,2,0
TF,RW23,36.572619,-87.475569,0, ,0.0,0.0,227.0,5.0,1,618,0,0,0,0,3,1
CA,0,227.0,2,995,0,0,0,0,0,0
DF,NIXAE,36.731319,-87.287444,1, ,0.0,0.0,2,2400,0,0,0,0,0,1
HM,NIXAE,36.731319,-87.287444,2, ,0.0,0.0,227.0,06,3,6000,0,1,230,0,0,0,0

APPTR,R23-Y,23,CIGYA
IF,CIGYA,36.695114,-87.391261, ,0.0,0.0,2,2100,0,1,90,0,1,0
TF,JAVTA,36.645067,-87.389828,0, ,0.0,0.0,0.0,0.0,2,2100,0,0,0,0,1,0

APPTR,R23-Y,23,JAVTA
HF,JAVTA,36.645067,-87.389828,1, ,0.0,0.0,227.0,04,2,2100,0,0,0,0,1,0,0

APPTR,R23-Y,23,TAGDE
IF,TAGDE,36.646203,-87.327703, ,0.0,0.0,2,2200,0,1,90,0,1,0
TF,JAVTA,36.645067,-87.389828,0, ,0.0,0.0,0.0,0.0,2,2100,0,0,0,0,1,0

FINAL,R23-Y,23,R,3
IF,JAVTA,36.645067,-87.389828, ,0.0,0.0,2,2100,0,1,90,0,0,0
TF,GUNBE,36.608850,-87.432719,0, ,0.0,0.0,227.0,3.0,2,2100,0,0,0,0,2,0
TF,RW23,36.572619,-87.475569,0, ,0.0,0.0,227.0,3.0,1,1060,0,0,0,0,3,1
CA,0,227.0,2,1060,0,0,0,0,0,0
DF,TAGDE,36.646203,-87.327703,1, ,0.0,0.0,2,2200,0,1,90,0,0,1
HM,TAGDE,36.646203,-87.327703,2, ,0.0,0.0,272.0,04,3,10000,0,0,0,0,0,0,0

APPTR,S23,23,CKV
IF,CKV,36.621986,-87.412658, ,0.0,0.0,2,2200,0,1,90,0,1,0
PI,CKV,36.621986,-87.412658,1,CKV,92.0,5.0,047,5.0,2,2200,0,0,0,0,0,0
CF,CKV,36.621986,-87.412658,0,CKV,0.0,0.0,227.0,3.0,2,2100,0,0,0,0,0,0

FINAL,S23,23,D,2
IF,CKV,36.621986,-87.412658,CKV,0.0,0.0,2,2100,0,1,90,0,2,0
CF,CREBE,36.572811,-87.475772,0,CKV,227.0,4.2,227.0,4.2,1,614,0,0,0,0,3,0
CA,0,227.0,2,1000,0,0,0,0,0,0
DF,CKV,36.621986,-87.412658,1, ,0.0,0.0,2,2200,0,1,90,0,0,0
HM,CKV,36.621986,-87.412658,1, ,0.0,0.0,227.0,04.3,3,6000,0,0,0,0,0,0,0

