SID,CONRA3,ALL,2
IF,CONRA,31.001275,-97.404192, ,0.0,0.0,0,0,0,0,0,0,0,0

SID,CONRA3,CLL,3
IF,CONRA,31.001275,-97.404192, ,0.0,0.0,0,0,0,0,0,0,0,0
TF,CLL,30.605003,-96.420681,0, ,0.0,0.0,0.0,0.0,0,0,0,0,0,0,0,0

SID,CONRA3,LOA,3
IF,CONRA,31.001275,-97.404192, ,0.0,0.0,0,0,0,0,0,0,0,0
TF,LOA,31.124017,-95.967956,0, ,0.0,0.0,0.0,0.0,0,0,0,0,0,0,0,0

SID,LAMPS8,16,1
CA,0,159.0,2,1310,0,0,0,0,0,0
VI,0, ,0.0,240.0,0,0,0,0,0,0,0,0
CF,AGJ,31.185506,-98.141858,0,AGJ,0.0,0.0,278.0,23.0,0,0,0,0,0,0,0,0

SID,LAMPS8,34,1
CA,0,339.0,2,1310,0,0,0,0,0,0
VI,2, ,0.0,240.0,0,0,0,0,0,0,0,0
CF,AGJ,31.185506,-98.141858,0,AGJ,0.0,0.0,278.0,23.0,0,0,0,0,0,0,0,0

SID,LAMPS8,ACT,3
IF,AGJ,31.185506,-98.141858, ,0.0,0.0,0,0,0,0,0,0,0,0
TF,SONET,31.712511,-97.604847,0, ,0.0,0.0,0.0,0.0,0,0,0,0,0,0,0,0
TF,ACT,31.662231,-97.269014,0, ,0.0,0.0,0.0,0.0,0,0,0,0,0,0,0,0

SID,LAMPS8,STV,3
IF,AGJ,31.185506,-98.141858, ,0.0,0.0,0,0,0,0,0,0,0,0
TF,STV,30.206758,-98.705756,0, ,0.0,0.0,0.0,0.0,0,0,0,0,0,0,0,0

APPTR,R34,34,AGJ
IF,AGJ,31.185506,-98.141858, ,0.0,0.0,2,3100,0,1,90,0,0,0
TF,IRESH,31.024100,-97.708147,0, ,0.0,0.0,0.0,0.0,2,3100,0,0,0,0,0,1
HF,IRESH,31.024100,-97.708147,2, ,0.0,0.0,4.0,04,2,3100,0,0,0,0,1,0,0

APPTR,R34,34,LITLE
IF,LITLE,31.114364,-97.552439, ,0.0,0.0,2,3100,0,1,90,0,0,0
TF,IRESH,31.024100,-97.708147,0, ,0.0,0.0,0.0,0.0,2,3100,0,0,0,0,0,1
HF,IRESH,31.024100,-97.708147,2, ,0.0,0.0,4.0,04,2,3100,0,0,0,0,1,0,0

FINAL,R34,34,R,3
IF,IRESH,31.024100,-97.708147, ,0.0,0.0,2,3100,0,1,90,0,0,0
TF,RNGER,31.085833,-97.696181,0, ,0.0,0.0,4.0,3.8,2,2500,0,0,0,0,2,0
TF,RW34,31.134064,-97.712869,0, ,0.0,0.0,338.0,3.0,1,923,0,0,0,0,3,1
CA,0,338.0,2,1500,0,0,0,0,0,0
DF,IRESH,31.024100,-97.708147,1, ,0.0,0.0,2,3100,0,1,90,0,0,1
HM,IRESH,31.024100,-97.708147,2, ,0.0,0.0,4.0,04,1,3100,0,1,175,0,0,0,0

APPTR,S032,03,AGJ
IF,AGJ,31.185506,-98.141858, ,0.0,0.0,2,3000,0,1,90,0,0,0
TF,GRK,31.032886,-97.813792,0, ,0.0,0.0,0.0,0.0,2,3000,0,0,0,0,0,0
PI,GRK,31.032886,-97.813792,2,GRK,167.0,5.0,212,5.0,2,3000,0,0,0,0,1,0
CF,GRK,31.032886,-97.813792,0,GRK,0.0,0.0,32.0,8.0,2,3000,0,0,0,0,0,0

FINAL,S032,03,D,2
IF,GRK,31.032886,-97.813792,GRK,0.0,0.0,2,3000,0,1,90,0,2,0
CF,MA032,31.136442,-97.716267,0,GRK,32.0,8.0,32.0,8.0,1,1600,0,0,0,0,3,1
DF,GRK,31.032886,-97.813792,2, ,0.0,0.0,2,3000,0,1,90,0,0,0
HM,GRK,31.032886,-97.813792,2, ,0.0,0.0,32.0,04.3,3,6000,0,1,90,0,0,0,0

