APPTR,I25,25,RUZZL
HF,RUZZL,40.516986,-76.385553,2, ,0.0,0.0,250.0,04.3,2,4000,0,0,0,0,1,0,0

FINAL,I25,25,I,3
IF,RUZZL,40.516986,-76.385553,IMUI,69.6,10.0,2,4000,0,1,90,0,0,0
CF,JURKI,40.470494,-76.489800,0,IMUI,69.6,4.5,250.0,5.5,1,2300,0,0,0,0,2,0
CF,RW25,40.437828,-76.562839,0,IMUI,69.6,0.6,250.0,3.8,1,653,0,0,0,0,3,0
CA,0,250.0,2,1700,0,0,0,0,0,0
CF,BAARN,40.291486,-76.611328,0,RAV,193.0,15.7,193.0,8.0,2,3000,0,1,90,0,0,0
HM,BAARN,40.291486,-76.611328,2, ,0.0,0.0,13.0,04.3,3,6000,0,0,0,0,0,0,0

APPTR,N07-A,07,BZJ
IF,BZJ,40.435647,-76.553022, ,0.0,0.0,2,3700,0,0,0,0,0,0
TF,DIPPY,40.431172,-76.515278,0, ,0.0,0.0,0.0,0.0,2,3700,0,0,0,0,0,0
PI,DIPPY,40.431172,-76.515278,1,RAV,154.0,10.0,109,5.0,2,3000,0,0,0,0,1,0

FINAL,N07-A,07,N,3
IF,HWANG,40.409056,-76.330300,BZJ,0.0,0.0,2,2000,0,0,0,0,0,0
CF,DIPPY,40.431172,-76.515278,0,BZJ,0.0,0.0,289.0,8.6,2,2000,0,0,0,0,2,0
CF,BZJ,40.435647,-76.553022,0,BZJ,0.0,0.0,289.0,1.8,1,1700,0,0,0,0,3,0
VA,1,160.0,2,2000,0,0,0,0,0,0
DF,BZJ,40.435647,-76.553022,1, ,0.0,0.0,2,3000,0,0,0,0,0,0
HM,BZJ,40.435647,-76.553022,1, ,0.0,0.0,289.0,04.3,2,3000,0,1,200,0,0,0,0

APPTR,N25-A,25,BZJ
IF,BZJ,40.435647,-76.553022, ,0.0,0.0,2,3700,0,0,0,0,0,0
TF,DIPPY,40.431172,-76.515278,0, ,0.0,0.0,0.0,0.0,2,3700,0,0,0,0,0,0
PI,DIPPY,40.431172,-76.515278,1,RAV,154.0,10.0,109,5.0,2,3000,0,0,0,0,1,0

FINAL,N25-A,25,N,3
IF,HWANG,40.409056,-76.330300,BZJ,0.0,0.0,2,2000,0,0,0,0,0,0
CF,DIPPY,40.431172,-76.515278,0,BZJ,0.0,0.0,289.0,8.6,2,2000,0,0,0,0,2,0
CF,BZJ,40.435647,-76.553022,0,BZJ,0.0,0.0,289.0,1.8,1,1700,0,0,0,0,3,0
VA,1,160.0,2,2000,0,0,0,0,0,0
DF,BZJ,40.435647,-76.553022,1, ,0.0,0.0,2,3000,0,0,0,0,0,0
HM,BZJ,40.435647,-76.553022,1, ,0.0,0.0,289.0,04.3,2,3000,0,1,200,0,0,0,0

APPTR,R25,25,RUZZL
HF,RUZZL,40.516986,-76.385553,2, ,0.0,0.0,250.0,04,2,4000,0,0,0,0,1,0,0

FINAL,R25,25,R,4
IF,RUZZL,40.516986,-76.385553, ,0.0,0.0,2,4000,0,1,90,0,0,0
TF,EARVN,40.487331,-76.452092,0, ,0.0,0.0,250.0,3.5,1,2700,0,0,0,0,0,0
TF,JURKI,40.470494,-76.489800,0, ,0.0,0.0,250.0,2.0,2,2300,0,0,0,0,2,0
TF,RW25,40.437828,-76.562839,0, ,0.0,0.0,250.0,3.9,1,558,0,0,0,0,3,1
CA,0,250.0,2,1700,0,0,0,0,0,0
DF,BAARN,40.291486,-76.611328,0, ,0.0,0.0,2,3000,0,1,90,0,0,1
HM,BAARN,40.291486,-76.611328,2, ,0.0,0.0,13.0,04,3,6000,0,0,0,0,0,0,0

