SID,BLDG3,03,1
CA,0,31.0,2,480,0,0,0,0,0,0
VI,0, ,0.0,75.0,0,0,0,0,0,0,0,0
CF,ZUKEM,33.352692,-117.237278,0,NFG,45.0,8.8,45.0,5.0,0,0,0,0,0,0,0,0
TF,VISTA,33.219072,-117.234497,2, ,0.0,0.0,0.0,0.0,1,4000,0,1,240,0,0,0

SID,BLDG3,21,1
VA,0,211.0,2,480,0,0,0,0,0,0
DF,OCN,33.240633,-117.417719,0, ,0.0,0.0,0,0,0,0,0,0,0,0
TF,VISTA,33.219072,-117.234497,1, ,0.0,0.0,0.0,0.0,1,4000,0,0,0,0,0,0

SID,CORRI4,03,1
VA,0,31.0,2,1000,0,0,0,0,0,0
VI,0, ,0.0,77.0,0,0,0,1,200,0,0,0
CF,CORRI,33.349631,-117.231311,0,NFG,47.0,9.0,47.0,3.0,0,0,0,0,0,0,0,0

SID,CORRI4,21,1
VA,0,211.0,2,1300,0,0,0,0,0,0
VI,1, ,0.0,2.0,0,0,0,1,200,0,0,0
CF,CORRI,33.349631,-117.231311,0,NFG,47.0,9.0,47.0,4.0,3,5000,0,0,0,0,0,0

SID,MUNN4,03,2
VA,0,31.0,2,1100,0,0,0,0,0,0
VI,2, ,0.0,127.0,0,0,0,1,250,0,0,0
CF,ROBNN,33.203478,-117.103494,0,OCN,82.9,16.0,83.0,3.0,1,5000,0,0,0,0,0,0

SID,QUNTN2,21,2
VA,0,211.0,2,480,0,0,0,0,0,0
CF,OCN,33.240633,-117.417719,0,OCN,0.0,0.0,202.0,5.0,0,0,0,0,0,0,0,0
TF,QUNTN,33.113183,-117.741425,0, ,0.0,0.0,0.0,0.0,0,0,0,0,0,0,0,0

STAR,LEGOZ4,BAUBB,4
IF,BAUBB,33.571667,-118.774753, ,0.0,0.0,1,16000,0,0,0,0,0,0
TF,LEGOZ,33.463922,-118.598769,0, ,0.0,0.0,0.0,0.0,1,15000,0,0,0,0,0,0

STAR,LEGOZ4,BLOXX,4
IF,BLOXX,34.253333,-118.830778, ,0.0,0.0,2,24000,0,0,0,0,0,0
TF,BLDIT,34.113297,-118.760703,0, ,0.0,0.0,0.0,0.0,0,0,0,0,0,0,0,0
TF,TANDY,33.746575,-118.658072,0, ,0.0,0.0,0.0,0.0,1,17000,0,0,0,0,0,0
TF,NJAGO,33.606789,-118.628694,0, ,0.0,0.0,0.0,0.0,3,16000,0,0,0,0,0,0
TF,LEGOZ,33.463922,-118.598769,0, ,0.0,0.0,0.0,0.0,1,15000,0,0,0,0,0,0

STAR,LEGOZ4,BURGL,4
IF,BURGL,35.666022,-120.107739, ,0.0,0.0,0,0,0,0,0,0,0,0
TF,DOUIT,35.288858,-119.824239,0, ,0.0,0.0,0.0,0.0,0,0,0,0,0,0,0,0
TF,BLOXX,34.253333,-118.830778,0, ,0.0,0.0,0.0,0.0,2,24000,0,0,0,0,0,0
TF,BLDIT,34.113297,-118.760703,0, ,0.0,0.0,0.0,0.0,0,0,0,0,0,0,0,0
TF,TANDY,33.746575,-118.658072,0, ,0.0,0.0,0.0,0.0,1,17000,0,0,0,0,0,0
TF,NJAGO,33.606789,-118.628694,0, ,0.0,0.0,0.0,0.0,3,16000,0,0,0,0,0,0
TF,LEGOZ,33.463922,-118.598769,0, ,0.0,0.0,0.0,0.0,1,15000,0,0,0,0,0,0

STAR,LEGOZ4,LANDO,4
IF,LANDO,35.012428,-118.616372, ,0.0,0.0,3,23000,0,0,0,0,0,0
TF,NUGEE,34.098481,-118.459936,0, ,0.0,0.0,0.0,0.0,0,0,0,0,0,0,0,0
TF,LAX,33.933150,-118.432014,0, ,0.0,0.0,0.0,0.0,0,0,0,0,0,0,0,0
TF,KRAGL,33.603200,-118.549469,0, ,0.0,0.0,0.0,0.0,3,16000,0,0,0,0,0,0
TF,LEGOZ,33.463922,-118.598769,0, ,0.0,0.0,0.0,0.0,1,15000,0,0,0,0,0,0

STAR,LEGOZ4,REBRG,4
IF,REBRG,35.981389,-119.614722, ,0.0,0.0,0,0,0,0,0,0,0,0
TF,DOUIT,35.288858,-119.824239,0, ,0.0,0.0,0.0,0.0,0,0,0,0,0,0,0,0
TF,BLOXX,34.253333,-118.830778,0, ,0.0,0.0,0.0,0.0,2,24000,0,0,0,0,0,0
TF,BLDIT,34.113297,-118.760703,0, ,0.0,0.0,0.0,0.0,0,0,0,0,0,0,0,0
TF,TANDY,33.746575,-118.658072,0, ,0.0,0.0,0.0,0.0,1,17000,0,0,0,0,0,0
TF,NJAGO,33.606789,-118.628694,0, ,0.0,0.0,0.0,0.0,3,16000,0,0,0,0,0,0
TF,LEGOZ,33.463922,-118.598769,0, ,0.0,0.0,0.0,0.0,1,15000,0,0,0,0,0,0

STAR,LEGOZ4,TCUPS,4
IF,TCUPS,34.075292,-119.786011, ,0.0,0.0,0,0,0,0,0,0,0,0
TF,RUKKI,33.898056,-119.433056,0, ,0.0,0.0,0.0,0.0,0,0,0,0,0,0,0,0
TF,SCANN,33.708214,-119.046125,0, ,0.0,0.0,0.0,0.0,0,0,0,0,0,0,0,0
TF,BAUBB,33.571667,-118.774753,0, ,0.0,0.0,0.0,0.0,1,16000,0,0,0,0,0,0
TF,LEGOZ,33.463922,-118.598769,0, ,0.0,0.0,0.0,0.0,1,15000,0,0,0,0,0,0

STAR,LEGOZ4,TILLT,4
IF,TILLT,35.453672,-121.000975, ,0.0,0.0,0,0,0,0,0,0,0,0
TF,ZIPRR,35.045703,-120.561906,0, ,0.0,0.0,0.0,0.0,0,0,0,0,0,0,0,0
TF,WURLL,34.692742,-120.276714,0, ,0.0,0.0,0.0,0.0,0,0,0,0,0,0,0,0
TF,TCUPS,34.075292,-119.786011,0, ,0.0,0.0,0.0,0.0,0,0,0,0,0,0,0,0
TF,RUKKI,33.898056,-119.433056,0, ,0.0,0.0,0.0,0.0,0,0,0,0,0,0,0,0
TF,SCANN,33.708214,-119.046125,0, ,0.0,0.0,0.0,0.0,0,0,0,0,0,0,0,0
TF,BAUBB,33.571667,-118.774753,0, ,0.0,0.0,0.0,0.0,1,16000,0,0,0,0,0,0
TF,LEGOZ,33.463922,-118.598769,0, ,0.0,0.0,0.0,0.0,1,15000,0,0,0,0,0,0

STAR,LEGOZ4,ALL,5
IF,LEGOZ,33.463922,-118.598769, ,0.0,0.0,1,15000,0,0,0,0,0,0
TF,BRIKS,33.370117,-118.390656,0, ,0.0,0.0,0.0,0.0,3,13000,0,0,0,0,0,0
TF,AVOLS,33.351794,-118.241839,0, ,0.0,0.0,0.0,0.0,1,11000,0,1,250,0,0,0
TF,PACIF,33.285886,-117.748033,0, ,0.0,0.0,0.0,0.0,1,5000,0,0,0,0,0,1
FM,PACIF,33.285886,-117.748033,0,PGY,0.0,0.0,110.0,0,0,0,0,0,0,0,0

APPTR,D21,21,OCN
IF,OCN,33.240633,-117.417719, ,0.0,0.0,2,8300,0,0,0,0,0,0
TF,RABRE,33.193531,-117.024367,0, ,0.0,0.0,0.0,0.0,2,8300,0,0,0,0,1,0
AF,WODOR,33.422075,-117.083714,1,OCN,42.0,20.0,83.0,2,6400,0,0,0,0,0,0
AF,TEMEC,33.491633,-117.155186,1,OCN,26.2,20.0,42.0,2,5000,0,0,0,0,0,0
TF,JAPAP,33.466558,-117.181508,0, ,0.0,0.0,0.0,0.0,2,4200,0,0,0,0,1,0

FINAL,D21,21,D,7
IF,JAPAP,33.466558,-117.181508,OCN,26.2,18.0,2,4200,0,0,0,0,0,0
CF,CUPIS,33.441481,-117.207811,0,OCN,26.2,16.0,206.0,2.0,2,3600,0,0,0,0,0,0
CF,ANDUH,33.428936,-117.220961,0,OCN,26.2,15.0,206.0,1.0,2,3300,0,0,0,0,0,0
CF,CEGAB,33.403847,-117.247244,0,OCN,26.2,13.0,206.0,2.0,2,2700,0,0,0,0,0,0
CF,HILKU,33.378753,-117.273514,0,OCN,26.2,11.0,206.0,2.0,2,2200,0,0,0,0,2,0
CF,CEBSI,33.347378,-117.306328,0,OCN,26.2,8.5,206.0,2.5,2,1200,0,0,0,0,0,0
CF,CEDVU,33.315992,-117.339119,0,OCN,26.2,6.0,206.0,2.5,1,386,0,0,0,0,3,0
CA,0,206.0,2,480,0,0,0,0,0,0
DF,OCN,33.240633,-117.417719,0, ,0.0,0.0,0,0,0,0,0,0,0,1
DF,WIPAM,33.126300,-117.533719,0, ,0.0,0.0,2,2500,0,0,0,0,0,0
HM,WIPAM,33.126300,-117.533719,1, ,0.0,0.0,26.0,04,3,5000,0,1,230,0,0,0,0

APPTR,R21,21,OCN
IF,OCN,33.240633,-117.417719, ,0.0,0.0,2,5000,0,0,0,0,0,0
TF,AECIA,33.501636,-117.144678,0, ,0.0,0.0,0.0,0.0,2,5000,0,0,0,0,0,0
HF,AECIA,33.501636,-117.144678,2, ,0.0,0.0,207.0,04,1,5000,0,1,230,0,1,0,0

APPTR,R21,21,ROBNN
IF,ROBNN,33.203478,-117.103494, ,0.0,0.0,2,5000,0,0,0,0,0,0
TF,AECIA,33.501636,-117.144678,0, ,0.0,0.0,0.0,0.0,2,5000,0,0,0,0,0,0
HF,AECIA,33.501636,-117.144678,2, ,0.0,0.0,207.0,04,1,5000,0,1,230,0,1,0,0

FINAL,R21,21,R,5
IF,AECIA,33.501636,-117.144678, ,0.0,0.0,1,5000,0,0,0,0,0,0
TF,JEMIS,33.424314,-117.221150,0, ,0.0,0.0,207.0,6.0,1,3100,0,0,0,0,0,0
TF,JEMOD,33.385033,-117.258217,0, ,0.0,0.0,205.0,3.0,2,2500,0,0,0,0,2,0
TF,CARVI,33.343119,-117.306756,0, ,0.0,0.0,211.0,3.5,2,1220,0,0,0,0,0,0
TF,RW21,33.307181,-117.348325,0, ,0.0,0.0,211.0,3.0,1,130,0,0,0,0,3,1
CA,0,211.0,2,478,0,0,0,0,0,0
DF,AMFIB,33.178458,-117.496761,0, ,0.0,0.0,2,2000,0,0,0,0,0,1
HM,AMFIB,33.178458,-117.496761,1, ,0.0,0.0,32.0,04,3,5000,0,1,230,0,0,0,0

APPTR,T03,03,R145
IF,R145,33.099394,-117.356653, ,0.0,0.0,2,2500,0,0,0,0,1,0
AF,R162,33.090553,-117.408378,2,OCN,162.0,9.0,145.0,2,2500,0,0,0,0,0,0
AF,WIPAM,33.126300,-117.533719,2,OCN,205.5,9.0,162.0,2,2500,0,0,0,0,1,0

APPTR,T03,03,R301
IF,R301,33.348678,-117.542111, ,0.0,0.0,2,2500,0,0,0,0,1,0
AF,R264,33.264017,-117.594411,1,OCN,264.0,9.0,301.0,2,2500,0,0,0,0,0,0
AF,WIPAM,33.126300,-117.533719,1,OCN,205.5,9.0,264.0,2,2500,0,0,0,0,1,0

APPTR,T03,03,WIPAM
HF,WIPAM,33.126300,-117.533719,1, ,0.0,0.0,26.0,04,2,2500,0,1,230,0,1,0,0

FINAL,T03,03,D,3
IF,WIPAM,33.126300,-117.533719,OCN,205.5,9.0,2,2500,0,0,0,0,0,0
CF,OCN,33.240633,-117.417719,0,OCN,0.0,0.0,26.0,9.0,2,1600,0,0,0,0,2,0
CF,ZASON,33.288875,-117.368653,0,OCN,25.5,3.8,26.0,3.8,1,288,0,0,0,0,3,0
CA,0,26.0,2,480,0,0,0,0,0,0
CF,CUPIS,33.441481,-117.207811,0,OCN,26.2,16.0,26.0,12.2,2,5200,0,0,0,0,0,0
HM,CUPIS,33.441481,-117.207811,2, ,0.0,0.0,206.0,06,1,5200,0,1,230,0,0,0,0

APPTR,T21,21,CORRI
IF,CORRI,33.349631,-117.231311, ,0.0,0.0,2,4200,0,0,0,0,1,0
AF,HONRA,33.381897,-117.261056,1,NFG,31.4,9.0,47.0,2,3100,0,0,0,0,1,0

APPTR,T21,21,OCN
IF,OCN,33.240633,-117.417719, ,0.0,0.0,2,4200,0,0,0,0,0,0
TF,GOZER,33.258750,-117.208486,0, ,0.0,0.0,0.0,0.0,2,4200,0,0,0,0,1,0
AF,HONRA,33.381897,-117.261056,1,NFG,31.4,9.0,83.0,2,3100,0,0,0,0,1,0

FINAL,T21,21,D,4
IF,HONRA,33.381897,-117.261056,NFG,31.4,9.0,2,3100,0,0,0,0,0,0
CF,FORIM,33.364019,-117.281967,0,NFG,31.4,7.5,211.0,1.5,2,2500,0,0,0,0,0,0
CF,HOPIL,33.346142,-117.302867,0,NFG,31.4,6.0,211.0,1.5,2,1900,0,0,0,0,2,0
CF,ZAKES,33.307986,-117.347428,0,NFG,31.4,2.8,211.0,3.2,1,166,0,0,0,0,3,1
DF,NFG,33.274586,-117.386389,0, ,0.0,0.0,0,0,0,0,0,0,0,1
DF,AMFIB,33.178458,-117.496761,0, ,0.0,0.0,2,2200,0,0,0,0,0,0
HM,AMFIB,33.178458,-117.496761,1, ,0.0,0.0,31.0,04,3,5000,0,1,200,0,0,0,0

APPTR,T21-Y,21,OCN
IF,OCN,33.240633,-117.417719, ,0.0,0.0,2,8300,0,0,0,0,0,0
TF,RABRE,33.193531,-117.024367,0, ,0.0,0.0,0.0,0.0,2,8300,0,0,0,0,1,0
AF,WODOR,33.422075,-117.083714,1,OCN,42.0,20.0,83.0,2,6400,0,0,0,0,0,0
AF,TEMEC,33.491633,-117.155186,1,OCN,26.2,20.0,42.0,2,5000,0,0,0,0,0,0
TF,JAPAP,33.466558,-117.181508,0, ,0.0,0.0,0.0,0.0,2,4200,0,0,0,0,1,0

FINAL,T21-Y,21,D,7
IF,JAPAP,33.466558,-117.181508,OCN,26.2,18.0,2,4200,0,0,0,0,0,0
CF,CUPIS,33.441481,-117.207811,0,OCN,26.2,16.0,206.0,2.0,2,3600,0,0,0,0,0,0
CF,ANDUH,33.428936,-117.220961,0,OCN,26.2,15.0,206.0,1.0,2,3300,0,0,0,0,0,0
CF,CEGAB,33.403847,-117.247244,0,OCN,26.2,13.0,206.0,2.0,2,2700,0,0,0,0,0,0
CF,HILKU,33.378753,-117.273514,0,OCN,26.2,11.0,206.0,2.0,2,2200,0,0,0,0,2,0
CF,CEBSI,33.347378,-117.306328,0,OCN,26.2,8.5,206.0,2.5,2,1200,0,0,0,0,0,0
CF,CEDVU,33.315992,-117.339119,0,OCN,26.2,6.0,206.0,2.5,1,386,0,0,0,0,3,0
CA,0,206.0,2,480,0,0,0,0,0,0
DF,OCN,33.240633,-117.417719,0, ,0.0,0.0,0,0,0,0,0,0,0,1
DF,WIPAM,33.126300,-117.533719,0, ,0.0,0.0,2,2500,0,0,0,0,0,0
HM,WIPAM,33.126300,-117.533719,1, ,0.0,0.0,26.0,04,3,5000,0,1,230,0,0,0,0

APPTR,T21-Z,21,CASPO
HF,CASPO,33.500981,-117.121436,2, ,0.0,0.0,211.0,04,1,4900,0,1,230,0,1,0,0

APPTR,T21-Z,21,OCN
IF,OCN,33.240633,-117.417719, ,0.0,0.0,2,8000,0,0,0,0,0,0
TF,SEMPR,33.191936,-117.021894,0, ,0.0,0.0,0.0,0.0,2,8000,0,0,0,0,1,0
AF,BISVE,33.392942,-117.035714,1,NFG,55.0,19.0,92.0,2,7100,0,0,0,0,0,0
AF,BORTE,33.442297,-117.065461,1,NFG,45.0,19.0,55.0,2,6400,0,0,0,0,0,0
AF,CASPO,33.500981,-117.121436,1,NFG,31.4,19.0,45.0,2,4900,0,0,0,0,1,0

FINAL,T21-Z,21,D,6
IF,CASPO,33.500981,-117.121436,NFG,31.4,19.0,2,4900,0,0,0,0,0,0
CF,ONTOS,33.441458,-117.191294,0,NFG,31.4,14.0,211.0,5.0,2,3800,0,0,0,0,0,0
CF,FISAM,33.393811,-117.247111,0,NFG,31.4,10.0,211.0,4.0,2,2800,0,0,0,0,2,0
CF,SCUPI,33.369981,-117.274997,0,NFG,31.4,8.0,211.0,2.0,2,2000,0,0,0,0,0,0
CF,WODUN,33.346142,-117.302869,0,NFG,31.4,6.0,211.0,2.0,2,1200,0,0,0,0,0,0
CF,ZAKES,33.307986,-117.347428,0,NFG,31.4,2.8,211.0,3.2,1,155,0,0,0,0,3,0
CA,0,211.0,2,480,0,0,0,0,0,0
DF,NFG,33.274586,-117.386389,0, ,0.0,0.0,0,0,0,0,0,0,0,1
DF,AMFIB,33.178458,-117.496761,0, ,0.0,0.0,2,2300,0,0,0,0,0,0
HM,AMFIB,33.178458,-117.496761,1, ,0.0,0.0,31.0,04,3,4000,0,1,230,0,0,0,0

