SID,ROSIE5,03,4
VA,0,28.0,2,3100,0,0,0,0,0,0
DF,ZUDID,35.275500,-117.995872,2, ,0.0,0.0,0,0,0,0,0,0,0,0
TF,OLRAE,35.041439,-118.164261,0, ,0.0,0.0,0.0,0.0,0,0,0,0,0,0,0,0
TF,ROSIE,34.852425,-118.206428,0, ,0.0,0.0,0.0,0.0,2,8000,0,0,0,0,0,0
TF,JARIS,34.568717,-118.250947,0, ,0.0,0.0,0.0,0.0,0,0,0,0,0,0,0,0
TF,FIM,34.356694,-118.881292,0, ,0.0,0.0,0.0,0.0,0,0,0,0,0,0,0,0

SID,ROSIE5,14,4
VA,0,140.0,2,3000,0,0,0,0,0,0
DF,ZUDID,35.275500,-117.995872,2, ,0.0,0.0,0,0,0,0,0,0,0,0
TF,OLRAE,35.041439,-118.164261,0, ,0.0,0.0,0.0,0.0,0,0,0,0,0,0,0,0
TF,ROSIE,34.852425,-118.206428,0, ,0.0,0.0,0.0,0.0,2,8000,0,0,0,0,0,0
TF,JARIS,34.568717,-118.250947,0, ,0.0,0.0,0.0,0.0,0,0,0,0,0,0,0,0
TF,FIM,34.356694,-118.881292,0, ,0.0,0.0,0.0,0.0,0,0,0,0,0,0,0,0

SID,ROSIE5,21,4
VA,0,208.0,2,3000,0,0,0,0,0,0
DF,ZUDID,35.275500,-117.995872,1, ,0.0,0.0,0,0,0,0,0,0,0,0
TF,OLRAE,35.041439,-118.164261,0, ,0.0,0.0,0.0,0.0,0,0,0,0,0,0,0,0
TF,ROSIE,34.852425,-118.206428,0, ,0.0,0.0,0.0,0.0,2,8000,0,0,0,0,0,0
TF,JARIS,34.568717,-118.250947,0, ,0.0,0.0,0.0,0.0,0,0,0,0,0,0,0,0
TF,FIM,34.356694,-118.881292,0, ,0.0,0.0,0.0,0.0,0,0,0,0,0,0,0,0

SID,ROSIE5,26,4
VA,0,257.0,2,2800,0,0,0,0,0,0
DF,ZUDID,35.275500,-117.995872,1, ,0.0,0.0,0,0,0,0,0,0,0,0
TF,OLRAE,35.041439,-118.164261,0, ,0.0,0.0,0.0,0.0,0,0,0,0,0,0,0,0
TF,ROSIE,34.852425,-118.206428,0, ,0.0,0.0,0.0,0.0,2,8000,0,0,0,0,0,0
TF,JARIS,34.568717,-118.250947,0, ,0.0,0.0,0.0,0.0,0,0,0,0,0,0,0,0
TF,FIM,34.356694,-118.881292,0, ,0.0,0.0,0.0,0.0,0,0,0,0,0,0,0,0

SID,ROSIE5,32,4
VA,0,320.0,2,3100,0,0,0,0,0,0
DF,BUGWU,35.650028,-117.713897,2, ,0.0,0.0,0,0,0,0,0,0,0,0
TF,ZUDID,35.275500,-117.995872,0, ,0.0,0.0,0.0,0.0,0,0,0,0,0,0,0,0
TF,OLRAE,35.041439,-118.164261,0, ,0.0,0.0,0.0,0.0,0,0,0,0,0,0,0,0
TF,ROSIE,34.852425,-118.206428,0, ,0.0,0.0,0.0,0.0,2,8000,0,0,0,0,0,0
TF,JARIS,34.568717,-118.250947,0, ,0.0,0.0,0.0,0.0,0,0,0,0,0,0,0,0
TF,FIM,34.356694,-118.881292,0, ,0.0,0.0,0.0,0.0,0,0,0,0,0,0,0,0

SID,SALTD8,14,1
CA,0,140.0,2,2690,0,0,0,0,0,0
VI,2, ,0.0,242.0,0,0,0,1,240,0,0,0
CF,SALTD,35.455700,-117.983942,0,NID,212.0,20.0,212.0,15.0,2,15000,0,0,0,0,0,0

SID,SALTD8,21,1
CA,0,208.0,2,2690,0,0,0,0,0,0
CF,FAMAK,35.606706,-117.793414,0,NID,212.0,7.0,212.0,6.0,2,5000,0,0,0,0,0,0
TF,SALTD,35.455700,-117.983942,0, ,0.0,0.0,0.0,0.0,2,15000,0,0,0,0,0,0

SID,SALTD8,32,1
CR,0,NID,322.0,320.0,0,0,0,0,0,0,0,0
CA,0,322.0,2,3300,0,0,0,0,0,0
DF,NID,35.687917,-117.690497,2, ,0.0,0.0,0,0,0,1,240,0,0,0
TF,FAMAK,35.606706,-117.793414,0, ,0.0,0.0,0.0,0.0,2,5000,0,0,0,0,0,0
TF,SALTD,35.455700,-117.983942,0, ,0.0,0.0,0.0,0.0,2,15000,0,0,0,0,0,0

SID,SALTD8,GMN,3
IF,SALTD,35.455700,-117.983942, ,0.0,0.0,2,15000,0,0,0,0,0,0
TF,GMN,34.804028,-118.861361,0, ,0.0,0.0,0.0,0.0,0,0,0,0,0,0,0,0

SID,SALTD8,HEC,3
IF,SALTD,35.455700,-117.983942, ,0.0,0.0,2,15000,0,0,0,0,0,0
TF,HEC,34.797017,-116.462922,0, ,0.0,0.0,0.0,0.0,0,0,0,0,0,0,0,0

APPTR,R03,03,FONOD
IF,FONOD,35.321578,-117.721753, ,0.0,0.0,4,12500,9500,0,0,0,1,0
TF,ZAGAN,35.390317,-117.875581,0, ,0.0,0.0,0.0,0.0,2,8400,0,0,0,0,0,0
TF,DIVAC,35.517433,-117.929006,0, ,0.0,0.0,0.0,0.0,2,6400,0,0,0,0,1,0

FINAL,R03,03,R,6
IF,DIVAC,35.517433,-117.929006, ,0.0,0.0,2,6400,0,0,0,0,0,0
TF,CISUN,35.564942,-117.857494,0, ,0.0,0.0,37.0,4.5,2,5300,0,0,0,0,0,0
TF,POLSE,35.588289,-117.818269,0, ,0.0,0.0,40.0,2.4,2,4700,0,0,0,0,0,0
TF,OYSER,35.607658,-117.784008,0, ,0.0,0.0,41.0,2.0,2,4100,0,0,0,0,2,0
TF,VOKLE,35.650319,-117.736578,0, ,0.0,0.0,28.0,3.5,2,2980,0,0,0,0,0,0
TF,RW03,35.675628,-117.708408,0, ,0.0,0.0,28.0,2.1,1,2334,0,0,0,0,3,1
CA,0,28.0,2,3600,0,0,0,0,0,0
DF,FONOD,35.321578,-117.721753,2, ,0.0,0.0,2,9500,0,1,185,0,0,1
HM,FONOD,35.321578,-117.721753,2, ,0.0,0.0,350.0,04,3,12500,0,1,230,0,0,0,0

APPTR,R32,32,CIBIV
IF,CIBIV,35.317919,-117.810425, ,0.0,0.0,2,7300,0,0,0,0,1,0
TF,CAMAD,35.425075,-117.593331,0, ,0.0,0.0,0.0,0.0,2,6300,0,0,0,0,1,0

FINAL,R32,32,R,5
IF,CAMAD,35.425075,-117.593331, ,0.0,0.0,2,6300,0,0,0,0,0,0
TF,PIBAE,35.523164,-117.593811,0, ,0.0,0.0,346.0,5.9,2,5500,0,0,0,0,0,0
TF,KATIE,35.570292,-117.620253,0, ,0.0,0.0,321.0,3.1,2,4600,0,0,0,0,2,0
TF,EKJER,35.629456,-117.653500,0, ,0.0,0.0,321.0,3.9,2,3300,0,0,0,0,0,0
TF,RW32,35.676478,-117.679958,0, ,0.0,0.0,321.0,3.1,1,2286,0,0,0,0,3,1
CA,0,321.0,2,3800,0,0,0,0,0,0
DF,CIBIV,35.317919,-117.810425,1, ,0.0,0.0,2,7300,0,1,225,0,0,1
HM,CIBIV,35.317919,-117.810425,1, ,0.0,0.0,45.0,05,3,13000,0,1,230,0,0,0,0

APPTR,T03-Y,03,FONOD
IF,FONOD,35.321578,-117.721753, ,0.0,0.0,2,9500,0,0,0,0,1,0
TF,BEEJA,35.438144,-117.711839,0, ,0.0,0.0,0.0,0.0,0,0,0,0,0,0,0,0
AF,CLAKK,35.520164,-117.918094,2,NID,214.0,15.0,170.0,2,6900,0,0,0,0,1,0

FINAL,T03-Y,03,D,6
IF,CLAKK,35.520164,-117.918094,NID,214.0,15.0,2,6900,0,0,0,0,0,0
CF,BOBZI,35.552631,-117.874167,0,NID,214.0,12.1,34.0,2.9,2,6100,0,0,0,0,0,0
CF,IDALE,35.581164,-117.835511,0,NID,214.0,9.6,34.0,2.6,2,5300,0,0,0,0,0,0
CF,HAMEN,35.609686,-117.796828,0,NID,214.0,7.0,34.0,2.6,2,4500,0,0,0,0,2,0
CF,LOCEV,35.642108,-117.752803,0,NID,214.0,4.1,34.0,2.9,2,3260,0,0,0,0,0,0
CF,GLADI,35.674514,-117.708739,0,NID,214.0,1.2,34.0,2.9,1,2346,0,0,0,0,3,0
CA,0,34.0,2,3600,0,0,0,0,0,0
CF,FONOD,35.321578,-117.721753,2,NID,170.0,22.0,170.0,21.0,2,9500,0,0,0,0,0,0
HM,FONOD,35.321578,-117.721753,2, ,0.0,0.0,350.0,05,1,9500,0,1,230,0,0,0,0

APPTR,T03-Z,03,DANEC
IF,DANEC,35.188356,-117.733050, ,0.0,0.0,2,17000,0,0,0,0,1,0
TF,BEEJA,35.438144,-117.711839,0, ,0.0,0.0,0.0,0.0,0,0,0,0,0,0,0,0
AF,CLAKK,35.520164,-117.918094,2,NID,214.0,15.0,170.0,2,6900,0,0,0,0,1,0

FINAL,T03-Z,03,D,6
IF,CLAKK,35.520164,-117.918094,NID,214.0,15.0,2,6900,0,0,0,0,0,0
CF,BOBZI,35.552631,-117.874167,0,NID,214.0,12.1,34.0,2.9,2,6100,0,0,0,0,0,0
CF,IDALE,35.581164,-117.835511,0,NID,214.0,9.6,34.0,2.6,2,5300,0,0,0,0,0,0
CF,HAMEN,35.609686,-117.796828,0,NID,214.0,7.0,34.0,2.6,2,4500,0,0,0,0,2,0
CF,LOCEV,35.642108,-117.752803,0,NID,214.0,4.1,34.0,2.9,2,3260,0,0,0,0,0,0
CF,GLADI,35.674514,-117.708739,0,NID,214.0,1.2,34.0,2.9,1,2346,0,0,0,0,3,0
CA,0,34.0,2,3600,0,0,0,0,0,0
CF,FONOD,35.321578,-117.721753,2,NID,170.0,22.0,170.0,21.0,2,9500,0,0,0,0,0,0
HM,FONOD,35.321578,-117.721753,2, ,0.0,0.0,350.0,05,3,12500,0,1,230,0,0,0,0

APPTR,T32,32,OKECI
HF,OKECI,35.589900,-117.612586,2, ,0.0,0.0,313.0,04,1,6200,0,1,175,0,1,0,0

FINAL,T32,32,D,2
IF,OKECI,35.589900,-117.612586,NID,133.0,7.0,2,6200,0,1,80,0,2,0
CF,JUNKR,35.675317,-117.680469,0,NID,133.0,0.9,313.0,6.1,1,2310,0,0,0,0,3,0
CA,0,313.0,2,3600,0,0,0,0,0,0
CF,OKECI,35.589900,-117.612586,1,NID,133.0,7.0,133.0,9.0,1,6200,0,0,0,0,0,0
HM,OKECI,35.589900,-117.612586,2, ,0.0,0.0,313.0,04,1,6200,0,1,175,0,0,0,0

APPTR,T32-Y,32,RANDS
IF,RANDS,35.417758,-117.851397, ,0.0,0.0,2,7500,0,0,0,0,1,0
TF,ODGEE,35.462800,-117.824656,0, ,0.0,0.0,0.0,0.0,2,6800,0,0,0,0,0,0
AF,SERUE,35.477814,-117.523781,1,NID,133.0,15.0,192.0,2,6800,0,0,0,0,1,0

FINAL,T32-Y,32,D,5
IF,SERUE,35.477814,-117.523781,NID,133.0,15.0,2,6800,0,0,0,0,0,0
CF,JEBUR,35.533864,-117.568153,0,NID,133.0,11.0,313.0,4.0,2,5600,0,0,0,0,0,0
CF,OKECI,35.589900,-117.612586,0,NID,133.0,7.0,313.0,4.0,2,4500,0,0,0,0,2,0
CF,RINGE,35.627711,-117.642617,0,NID,133.0,4.3,313.0,2.7,2,3380,0,0,0,0,0,0
CF,FABAT,35.665517,-117.672672,0,NID,133.0,1.6,313.0,2.7,1,2555,0,0,0,0,3,0
CA,0,313.0,2,3600,0,0,0,0,0,0
CF,RANDS,35.417758,-117.851397,1,NID,192.0,18.0,192.0,17.0,2,7500,0,0,0,0,0,0
HM,RANDS,35.417758,-117.851397,1, ,0.0,0.0,12.0,06,3,13000,0,1,230,0,0,0,0

APPTR,T32-Z,32,RANDS
IF,RANDS,35.417758,-117.851397, ,0.0,0.0,2,17000,0,0,0,0,1,0
TF,ODGEE,35.462800,-117.824656,0, ,0.0,0.0,0.0,0.0,0,0,0,0,0,0,0,0
AF,SERUE,35.477814,-117.523781,1,NID,133.0,15.0,192.0,2,6800,0,0,0,0,1,0

FINAL,T32-Z,32,D,5
IF,SERUE,35.477814,-117.523781,NID,133.0,15.0,2,6800,0,0,0,0,0,0
CF,JEBUR,35.533864,-117.568153,0,NID,133.0,11.0,313.0,4.0,2,5600,0,0,0,0,0,0
CF,OKECI,35.589900,-117.612586,0,NID,133.0,7.0,313.0,4.0,2,4500,0,0,0,0,2,0
CF,RINGE,35.627711,-117.642617,0,NID,133.0,4.3,313.0,2.7,2,3380,0,0,0,0,0,0
CF,FABAT,35.665517,-117.672672,0,NID,133.0,1.6,313.0,2.7,1,2555,0,0,0,0,3,0
CA,0,313.0,2,3600,0,0,0,0,0,0
CF,RANDS,35.417758,-117.851397,1,NID,192.0,18.0,192.0,17.0,2,7500,0,0,0,0,0,0
HM,RANDS,35.417758,-117.851397,1, ,0.0,0.0,12.0,06,3,13000,0,1,230,0,0,0,0

