STAR,ALCRN1,ALLMA,4
IF,ALLMA,31.536428,-82.507964, ,0.0,0.0,3,23000,0,0,0,0,0,0
TF,ALCRN,30.986925,-82.235842,0, ,0.0,0.0,0.0,0.0,4,14000,12000,0,0,0,0,0

STAR,ALCRN1,ALL,5
IF,ALCRN,30.986925,-82.235842, ,0.0,0.0,4,14000,12000,0,0,0,0,0
TF,SNKEM,30.568400,-81.754194,0, ,0.0,0.0,0.0,0.0,2,4000,0,0,0,0,0,1
FM,SNKEM,30.568400,-81.754194,0,SGJ,0.0,0.0,141.0,0,0,0,0,0,0,0,0

STAR,HOTAR1,BASLE,4
IF,BASLE,32.162044,-80.763481, ,0.0,0.0,0,0,0,0,0,0,0,0
TF,WYTOK,31.207081,-81.050558,0, ,0.0,0.0,0.0,0.0,0,0,0,0,0,0,0,0
TF,JABOR,30.814439,-81.093647,0, ,0.0,0.0,0.0,0.0,0,0,0,0,0,0,0,0

STAR,HOTAR1,ALL,5
IF,JABOR,30.814439,-81.093647, ,0.0,0.0,0,0,0,0,0,0,0,0
TF,HOTAR,30.639811,-81.112697,0, ,0.0,0.0,0.0,0.0,0,0,0,0,0,0,0,0
TF,LESVE,30.563600,-81.152219,0, ,0.0,0.0,0.0,0.0,0,0,0,0,0,0,0,1
VM,30.391375,-81.424522,0,213.0,0,0,0,0,0,0,0,0

STAR,MARQO3,ZOOSS,4
IF,ZOOSS,30.535178,-83.517050, ,0.0,0.0,1,24000,0,0,0,0,0,0
TF,WALOP,30.522778,-83.108333,0, ,0.0,0.0,0.0,0.0,0,0,0,0,0,0,0,0
TF,CAMJO,30.508889,-82.686389,0, ,0.0,0.0,0.0,0.0,0,0,0,0,0,0,0,0
TF,MARQO,30.514881,-82.546006,0, ,0.0,0.0,0.0,0.0,0,0,0,0,0,0,0,0

STAR,MARQO3,ALL,5
IF,MARQO,30.514881,-82.546006, ,0.0,0.0,0,0,0,0,0,0,0,0
TF,COROE,30.522858,-82.353269,0, ,0.0,0.0,0.0,0.0,3,11000,0,0,0,0,0,0
TF,GWIIZ,30.564194,-81.870194,0, ,0.0,0.0,0.0,0.0,0,0,0,0,0,0,0,0
TF,EGAGE,30.578550,-81.697233,0, ,0.0,0.0,0.0,0.0,1,4000,0,1,210,0,0,1
FM,EGAGE,30.578550,-81.697233,0,SGJ,0.0,0.0,77.0,0,0,0,0,0,0,0,0

STAR,POGIE2,ALL,2
IF,ORL,28.542722,-81.335014, ,0.0,0.0,0,0,0,0,0,0,0,0
TF,CROPY,28.792419,-81.359828,0, ,0.0,0.0,0.0,0.0,0,0,0,0,0,0,0,0
TF,SHINR,29.588706,-81.439731,0, ,0.0,0.0,0.0,0.0,0,0,0,0,0,0,0,0
TF,BASSS,29.680611,-81.545633,0, ,0.0,0.0,0.0,0.0,0,0,0,0,0,0,0,0
TF,POGIE,29.769731,-81.648594,0, ,0.0,0.0,0.0,0.0,0,0,0,0,0,0,0,0
TF,MOSEL,30.175444,-81.549922,0, ,0.0,0.0,0.0,0.0,0,0,0,0,0,0,0,0
TF,CRG,30.338881,-81.509928,0, ,0.0,0.0,0.0,0.0,0,0,0,0,0,0,0,0

STAR,QUBEN2,HAINY,4
IF,HAINY,28.984722,-81.364167, ,0.0,0.0,2,24000,0,0,0,0,0,0
TF,MISCL,29.274167,-81.383889,0, ,0.0,0.0,0.0,0.0,0,0,0,0,0,0,0,0
TF,MEAAT,29.558889,-81.403056,0, ,0.0,0.0,0.0,0.0,0,0,0,0,0,0,0,0
TF,BASSS,29.680611,-81.545633,0, ,0.0,0.0,0.0,0.0,0,0,0,0,0,0,0,0
TF,POGIE,29.769731,-81.648594,0, ,0.0,0.0,0.0,0.0,1,13000,0,0,0,0,0,0

STAR,QUBEN2,MEAAT,4
IF,MEAAT,29.558889,-81.403056, ,0.0,0.0,0,0,0,0,0,0,0,0
TF,BASSS,29.680611,-81.545633,0, ,0.0,0.0,0.0,0.0,0,0,0,0,0,0,0,0
TF,POGIE,29.769731,-81.648594,0, ,0.0,0.0,0.0,0.0,1,13000,0,0,0,0,0,0

STAR,QUBEN2,ALL,5
IF,POGIE,29.769731,-81.648594, ,0.0,0.0,1,13000,0,0,0,0,0,0
TF,QUBEN,29.936289,-81.663611,0, ,0.0,0.0,0.0,0.0,0,0,0,0,0,0,0,1
FM,QUBEN,29.936289,-81.663611,0,SGJ,0.0,0.0,360.0,0,0,0,0,0,0,0,0

STAR,TEBOW2,HILIS,4
IF,HILIS,29.676483,-82.279819, ,0.0,0.0,0,0,0,0,0,0,0,0
TF,FABES,29.853111,-82.202314,0, ,0.0,0.0,0.0,0.0,0,0,0,0,0,0,0,0
TF,MCFIE,29.992189,-82.129953,0, ,0.0,0.0,0.0,0.0,1,12000,0,0,0,0,0,0

STAR,TEBOW2,ALL,5
IF,MCFIE,29.992189,-82.129953, ,0.0,0.0,1,12000,0,0,0,0,0,0
TF,TEBOW,30.096092,-82.075750,0, ,0.0,0.0,0.0,0.0,0,0,0,0,0,0,0,1
FM,TEBOW,30.096092,-82.075750,0,SGJ,0.0,0.0,46.0,0,0,0,0,0,0,0,0

APPTR,R05,05,BINJA
IF,BINJA,30.253886,-81.414133, ,0.0,0.0,2,1500,0,1,90,0,1,0
TF,KEENN,30.322133,-81.498728,0, ,0.0,0.0,0.0,0.0,1,1400,0,0,0,0,1,0

FINAL,R05,05,R,4
IF,KEENN,30.322133,-81.498728, ,0.0,0.0,1,1400,0,1,90,0,0,0
TF,RUPER,30.346956,-81.472142,0, ,0.0,0.0,49.0,2.0,2,1100,0,0,0,0,2,0
TF,ACKLI,30.364967,-81.452839,0, ,0.0,0.0,49.0,1.5,2,580,0,0,0,0,0,0
TF,RW05,30.383319,-81.433161,0, ,0.0,0.0,49.0,1.5,1,59,0,0,0,0,3,1
CA,0,49.0,2,600,0,0,0,0,0,0
DF,BINJA,30.253886,-81.414133,2, ,0.0,0.0,2,1500,0,1,90,0,0,1
HM,BINJA,30.253886,-81.414133,2, ,0.0,0.0,319.0,04,3,4000,0,0,0,0,0,0,0

APPTR,R23,23,CONWY
IF,CONWY,30.404444,-81.252450, ,0.0,0.0,2,1500,0,1,90,0,1,0
TF,LOGNN,30.472794,-81.337064,0, ,0.0,0.0,0.0,0.0,1,1400,0,0,0,0,1,0

FINAL,R23,23,R,3
IF,LOGNN,30.472794,-81.337064, ,0.0,0.0,1,1400,0,1,90,0,0,0
TF,PONCO,30.435494,-81.377156,0, ,0.0,0.0,229.0,3.1,2,1000,0,0,0,0,2,0
TF,RW23,30.399428,-81.415881,0, ,0.0,0.0,229.0,3.0,1,61,0,0,0,0,3,1
CA,0,229.0,2,600,0,0,0,0,0,0
DF,CONWY,30.404444,-81.252450,1, ,0.0,0.0,2,1500,0,1,90,0,0,1
HM,CONWY,30.404444,-81.252450,2, ,0.0,0.0,319.0,04,3,4000,0,0,0,0,0,0,0

APPTR,T05-Y,05,CRG
IF,CRG,30.338881,-81.509928, ,0.0,0.0,2,3000,0,0,0,0,0,0
TF,BENGE,30.436017,-81.218231,0, ,0.0,0.0,0.0,0.0,2,3000,0,0,0,0,1,0
HF,BENGE,30.436017,-81.218231,2, ,0.0,0.0,261.0,04,2,3000,0,1,230,0,0,0,0
TF,ZILPI,30.423119,-81.274117,0, ,0.0,0.0,0.0,0.0,0,0,0,0,0,0,0,0
AF,COPNA,30.265578,-81.483236,2,NRB,209.0,8.0,81.0,2,3000,0,0,0,0,0,0
AF,AZELO,30.300881,-81.539319,2,NRB,235.0,8.0,209.0,2,2200,0,0,0,0,1,0

FINAL,T05-Y,05,D,4
IF,AZELO,30.300881,-81.539319,NRB,235.0,8.0,2,2200,0,0,0,0,0,0
CF,ORVAE,30.344761,-81.481225,0,NRB,235.0,4.0,55.0,4.0,2,1200,0,0,0,0,2,0
CF,GEUMS,30.361208,-81.459425,0,NRB,235.0,2.5,55.0,1.5,2,660,0,0,0,0,0,0
CF,INEKE,30.377653,-81.437619,0,NRB,235.0,1.0,55.0,1.5,1,194,0,0,0,0,3,0
CA,0,55.0,2,500,0,0,0,0,0,0
CF,BENGE,30.436017,-81.218231,0,NRB,81.0,11.0,81.0,10.9,2,3000,0,0,0,0,0,0
HM,BENGE,30.436017,-81.218231,2, ,0.0,0.0,261.0,04,3,4000,0,1,230,0,0,0,0

APPTR,T05-Z,05,CRG
IF,CRG,30.338881,-81.509928, ,0.0,0.0,2,1500,0,1,90,0,0,0
TF,PAWNE,30.305200,-81.418039,0, ,0.0,0.0,0.0,0.0,2,1500,0,0,0,0,1,0
HF,PAWNE,30.305200,-81.418039,2, ,0.0,0.0,3.0,04,2,1500,0,1,175,0,0,0,0
TF,MEBLE,30.313542,-81.418542,0, ,0.0,0.0,0.0,0.0,2,1500,0,0,0,0,0,0
AF,NODAE,30.339278,-81.488489,2,NRB,235.0,4.5,183.0,2,1400,0,0,0,0,1,0

FINAL,T05-Z,05,D,3
IF,NODAE,30.339278,-81.488489,NRB,235.0,4.5,2,1400,0,1,90,0,0,0
CF,HOPOV,30.355728,-81.466692,0,NRB,235.0,3.0,55.0,1.5,2,900,0,0,0,0,2,0
CF,INEKE,30.377653,-81.437619,0,NRB,235.0,1.0,55.0,2.0,1,200,0,0,0,0,3,0
CA,0,55.0,2,500,0,0,0,0,0,0
CF,PAWNE,30.305200,-81.418039,2,NRB,183.0,5.0,183.0,4.0,2,1500,0,1,90,0,0,0
HM,PAWNE,30.305200,-81.418039,2, ,0.0,0.0,3.0,04,3,4000,0,1,175,0,0,0,0

APPTR,T23-Y,23,CRG
IF,CRG,30.338881,-81.509928, ,0.0,0.0,2,2000,0,0,0,0,0,0
TF,HELES,30.431719,-81.236861,0, ,0.0,0.0,0.0,0.0,2,2000,0,0,0,0,1,0
HF,HELES,30.431719,-81.236861,2, ,0.0,0.0,261.0,04,2,2000,0,1,230,0,0,0,0
AF,MUKOE,30.525414,-81.312394,1,NRB,41.0,10.0,81.0,2,1700,0,0,0,0,1,0

FINAL,T23-Y,23,D,4
IF,MUKOE,30.525414,-81.312394,NRB,41.0,10.0,2,1700,0,0,0,0,0,0
CF,IKECA,30.498061,-81.334556,0,NRB,41.0,8.0,221.0,2.0,2,1700,0,0,0,0,0,0
CF,JERBI,30.443347,-81.378842,0,NRB,41.0,4.0,221.0,4.0,2,1100,0,0,0,0,2,0
CF,LEBAF,30.402300,-81.412022,0,NRB,41.0,1.0,221.0,3.0,1,143,0,0,0,0,3,0
CA,0,221.0,2,420,0,0,0,0,0,0
CF,HELES,30.431719,-81.236861,1,NRB,81.0,10.0,81.0,10.0,2,2000,0,0,0,0,0,0
HM,HELES,30.431719,-81.236861,2, ,0.0,0.0,261.0,04,3,4000,0,1,230,0,0,0,0

APPTR,T23-Z,23,CRG
IF,CRG,30.338881,-81.509928, ,0.0,0.0,2,1500,0,1,90,0,0,0
TF,BOLEZ,30.414511,-81.311367,0, ,0.0,0.0,0.0,0.0,2,1500,0,0,0,0,1,0
HF,BOLEZ,30.414511,-81.311367,2, ,0.0,0.0,261.0,04,2,1500,0,1,175,0,0,0,0
AF,JEVIS,30.470706,-81.356703,1,NRB,41.0,6.0,81.0,2,1400,0,0,0,0,1,0

FINAL,T23-Z,23,D,3
IF,JEVIS,30.470706,-81.356703,NRB,41.0,6.0,2,1400,0,1,90,0,0,0
CF,KEBAF,30.429664,-81.389906,0,NRB,41.0,3.0,221.0,3.0,2,800,0,0,0,0,2,0
CF,LEBAF,30.402300,-81.412022,0,NRB,41.0,1.0,221.0,2.0,1,145,0,0,0,0,3,0
CA,0,221.0,2,420,0,0,0,0,0,0
CF,BOLEZ,30.414511,-81.311367,1,NRB,81.0,6.0,81.0,5.0,2,1500,0,1,90,0,0,0
HM,BOLEZ,30.414511,-81.311367,2, ,0.0,0.0,261.0,04,3,4000,0,1,175,0,0,0,0

