SID,LMG3E,10,5
CA,0,96.0,2,850,0,0,0,0,0,0
DF,BU400,45.704889,0.332111,0, ,0.0,0.0,0,0,0,1,240,0,0,0
TF,BU401,45.710722,0.426889,0, ,0.0,0.0,0.0,0.0,0,0,0,0,0,0,0,0
TF,LMG,45.815917,1.025583,0, ,0.0,0.0,0.0,0.0,0,0,0,0,0,0,0,0

SID,LMG3W,28,5
CA,0,276.0,2,850,0,0,0,0,0,0
DF,BU400,45.704889,0.332111,1, ,0.0,0.0,0,0,0,1,210,0,0,0
TF,BU401,45.710722,0.426889,0, ,0.0,0.0,0.0,0.0,0,0,0,0,0,0,0,0
TF,LMG,45.815917,1.025583,0, ,0.0,0.0,0.0,0.0,0,0,0,0,0,0,0,0

SID,NORO3E,10,5
CA,0,96.0,2,850,0,0,0,0,0,0
DF,BU400,45.704889,0.332111,0, ,0.0,0.0,0,0,0,1,240,0,0,0
TF,BU401,45.710722,0.426889,0, ,0.0,0.0,0.0,0.0,0,0,0,0,0,0,0,0
TF,NORON,45.484722,0.677500,0, ,0.0,0.0,0.0,0.0,0,0,0,0,0,0,0,0

SID,NORO3W,28,5
CA,0,276.0,2,850,0,0,0,0,0,0
DF,BU400,45.704889,0.332111,1, ,0.0,0.0,0,0,0,1,210,0,0,0
TF,BU401,45.710722,0.426889,0, ,0.0,0.0,0.0,0.0,0,0,0,0,0,0,0,0
TF,NORON,45.484722,0.677500,0, ,0.0,0.0,0.0,0.0,0,0,0,0,0,0,0,0

FINAL,I28,28,I,3
IF,GONPO,45.703361,0.521528,AM,95.9,13.4,2,2800,0,1,220,0,0,0
CF,FF28,45.713583,0.403500,0,AM,95.9,8.4,276.0,5.0,1,2800,0,0,0,0,2,0
CF,RW28,45.728533,0.230214,0,AM,96.0,1.1,276.0,7.3,1,463,0,0,0,0,3,0
TF,BU412,45.732944,0.178250,0, ,0.0,0.0,0.0,0.0,0,0,0,1,180,0,0,1
DF,GONPO,45.703361,0.521528,1, ,0.0,0.0,1,2800,0,1,180,0,0,0
HM,GONPO,45.703361,0.521528,1, ,0.0,0.0,276.0,04.3,2,2800,0,1,220,0,0,0,0

FINAL,R28-Y,28,R,3
IF,OBUKO,45.713639,0.403528, ,0.0,0.0,2,2800,0,0,0,0,1,0
TF,FU28Y,45.721833,0.308444,0, ,0.0,0.0,276.0,4.0,1,1800,0,0,0,0,2,0
TF,RW28,45.728533,0.230214,0, ,0.0,0.0,276.0,3.3,1,463,0,0,0,0,3,1
TF,BU412,45.732944,0.178250,0, ,0.0,0.0,0.0,0.0,0,0,0,0,0,0,0,0
TF,BU414,45.787528,0.187556,0, ,0.0,0.0,0.0,0.0,0,0,0,0,0,0,0,0
TF,BU415,45.792861,0.322528,0, ,0.0,0.0,0.0,0.0,0,0,0,0,0,0,0,0
TF,BU416,45.757417,0.401472,0, ,0.0,0.0,0.0,0.0,2,2800,0,0,0,0,0,0
TF,OBUKO,45.713639,0.403528,0, ,0.0,0.0,0.0,0.0,2,2800,0,0,0,0,0,0

FINAL,R28-Z,28,R,3
IF,GONPO,45.703361,0.521528, ,0.0,0.0,2,2800,0,1,220,0,1,0
TF,FU28Z,45.713639,0.403500,0, ,0.0,0.0,276.0,5.0,1,2800,0,0,0,0,2,0
TF,RW28,45.728533,0.230214,0, ,0.0,0.0,276.0,7.3,1,463,0,0,0,0,3,1
TF,BU412,45.732944,0.178250,0, ,0.0,0.0,0.0,0.0,0,0,0,1,180,0,0,1
DF,GONPO,45.703361,0.521528,1, ,0.0,0.0,1,2800,0,1,180,0,0,0
HM,GONPO,45.703361,0.521528,1, ,0.0,0.0,276.0,04.3,2,2800,0,1,220,0,0,0,0

