SID,CUEOB1,09,2
CD, ,0,0,0,LUC,0,0.0,87.0,8.5,0,0,0,0,0,0,0,0
CF,LUC,43.382778,6.255917,1,LUC,0.0,0.0,249.0,9.0,0,0,0,0,0,0,0,0
TF,CUERS,43.226111,6.134444,0, ,0.0,0.0,0.0,0.0,0,0,0,0,0,0,0,0
TF,OB,43.229833,5.665417,0, ,0.0,0.0,0.0,0.0,0,0,0,0,0,0,0,0

SID,CUEOB2,27,2
CF,LUC,43.382778,6.255917,0,LUC,0.0,0.0,267.0,5.0,0,0,0,0,0,0,0,0
TF,CUERS,43.226111,6.134444,0, ,0.0,0.0,0.0,0.0,0,0,0,0,0,0,0,0
TF,OB,43.229833,5.665417,0, ,0.0,0.0,0.0,0.0,0,0,0,0,0,0,0,0

SID,CUERS1,09,2
CD, ,0,0,0,LUC,0,0.0,87.0,8.5,0,0,0,0,0,0,0,0
CF,LUC,43.382778,6.255917,1,LUC,0.0,0.0,249.0,9.0,0,0,0,0,0,0,0,0
TF,CUERS,43.226111,6.134444,0, ,0.0,0.0,0.0,0.0,0,0,0,0,0,0,0,0

SID,CUERS2,27,2
CF,LUC,43.382778,6.255917,0,LUC,0.0,0.0,267.0,5.0,0,0,0,0,0,0,0,0
TF,CUERS,43.226111,6.134444,0, ,0.0,0.0,0.0,0.0,0,0,0,0,0,0,0,0

SID,CUTLN1,09,2
CD, ,0,0,0,LUC,0,0.0,87.0,8.5,0,0,0,0,0,0,0,0
CF,LUC,43.382778,6.255917,1,LUC,0.0,0.0,249.0,9.0,0,0,0,0,0,0,0,0
TF,CUERS,43.226111,6.134444,0, ,0.0,0.0,0.0,0.0,0,0,0,0,0,0,0,0
TF,TLN,43.032722,6.152806,0, ,0.0,0.0,0.0,0.0,0,0,0,0,0,0,0,0

SID,CUTLN2,27,2
CF,LUC,43.382778,6.255917,0,LUC,0.0,0.0,267.0,5.0,0,0,0,0,0,0,0,0
TF,CUERS,43.226111,6.134444,0, ,0.0,0.0,0.0,0.0,0,0,0,0,0,0,0,0
TF,TLN,43.032722,6.152806,0, ,0.0,0.0,0.0,0.0,0,0,0,0,0,0,0,0

SID,GILON1,09,2
CD, ,0,0,0,LUC,0,0.0,87.0,8.5,0,0,0,0,0,0,0,0
CF,LUC,43.382778,6.255917,1,LUC,0.0,0.0,249.0,9.0,0,0,0,0,0,0,0,0
TF,GILON,43.444167,6.115000,0, ,0.0,0.0,0.0,0.0,0,0,0,0,0,0,0,0

SID,GILON2,27,2
CF,LUC,43.382778,6.255917,0,LUC,0.0,0.0,267.0,5.0,0,0,0,0,0,0,0,0
TF,GILON,43.444167,6.115000,0, ,0.0,0.0,0.0,0.0,0,0,0,0,0,0,0,0

SID,NEOUL1,09,2
CD, ,0,0,0,LUC,0,0.0,87.0,8.5,0,0,0,0,0,0,0,0
CF,LUC,43.382778,6.255917,1,LUC,0.0,0.0,258.0,9.0,0,0,0,0,0,0,0,0
TF,NEOUL,43.328306,6.040000,0, ,0.0,0.0,0.0,0.0,0,0,0,0,0,0,0,0

SID,NEOUL2,27,2
CF,LUC,43.382778,6.255917,0,LUC,0.0,0.0,267.0,5.0,0,0,0,0,0,0,0,0
TF,NEOUL,43.328306,6.040000,0, ,0.0,0.0,0.0,0.0,0,0,0,0,0,0,0,0

SID,NIMPA1,09,2
CD, ,0,0,0,LUC,0,0.0,87.0,8.5,0,0,0,0,0,0,0,0
CF,D078A,43.385669,6.278425,1,LUC,78.0,1.0,258.0,9.0,0,0,0,0,0,0,0,1
CF,NIMPA,43.273611,6.360833,1,LUC,142.9,8.0,143.0,6.0,0,0,0,0,0,0,0,0

SID,NIMPA2,27,2
CD, ,0,0,0,LUC,0,0.0,267.0,1.0,0,0,0,0,0,0,0,0
CF,NIMPA,43.273611,6.360833,1,LUC,142.9,8.0,143.0,6.0,0,0,0,0,0,0,0,0

SID,OB1,09,2
CD, ,0,0,0,LUC,0,0.0,87.0,8.5,0,0,0,0,0,0,0,0
CF,LUC,43.382778,6.255917,1,LUC,0.0,0.0,249.0,9.0,0,0,0,0,0,0,0,0
TF,OB,43.229833,5.665417,0, ,0.0,0.0,0.0,0.0,0,0,0,0,0,0,0,0

SID,OB2,27,2
CF,LUC,43.382778,6.255917,0,LUC,0.0,0.0,267.0,5.0,0,0,0,0,0,0,0,0
TF,OB,43.229833,5.665417,0, ,0.0,0.0,0.0,0.0,0,0,0,0,0,0,0,0

SID,RUBIT1,09,2
CD, ,0,0,0,LUC,0,0.0,87.0,8.5,0,0,0,0,0,0,0,0
CF,D069A,43.389828,6.284011,1,LUC,69.0,1.3,249.0,8.0,0,0,0,0,0,0,0,1
CF,RUBIT,43.222222,6.412222,1,LUC,142.5,11.8,143.0,10.0,0,0,0,0,0,0,0,0

SID,RUBIT2,27,2
CD, ,0,0,0,LUC,0,0.0,267.0,1.8,0,0,0,0,0,0,0,0
CF,RUBIT,43.222222,6.412222,1,LUC,142.5,11.8,143.0,10.0,0,0,0,0,0,0,0,0

SID,SUSUK1,09,2
CD, ,0,0,0,LUC,0,0.0,87.0,8.5,0,0,0,0,0,0,0,0
CF,LUC,43.382778,6.255917,1,LUC,0.0,0.0,258.0,9.0,0,0,0,0,0,0,0,0
TF,SUSUK,43.547556,6.135417,0, ,0.0,0.0,0.0,0.0,0,0,0,0,0,0,0,0

SID,SUSUK2,27,2
CF,LUC,43.382778,6.255917,0,LUC,0.0,0.0,267.0,5.0,0,0,0,0,0,0,0,0
TF,SUSUK,43.547556,6.135417,0, ,0.0,0.0,0.0,0.0,0,0,0,0,0,0,0,0

APPTR,D09-Y,09,GILON
IF,GILON,43.444167,6.115000, ,0.0,0.0,0,0,0,0,0,0,0,0
TF,LUC,43.382778,6.255917,0, ,0.0,0.0,0.0,0.0,2,3100,0,0,0,0,1,0
HF,LUC,43.382778,6.255917,1, ,0.0,0.0,87.0,05,2,3100,0,1,150,0,0,0,0

APPTR,D09-Y,09,LUC
HF,LUC,43.382778,6.255917,1, ,0.0,0.0,87.0,05,2,3100,0,1,150,0,0,0,0

APPTR,D09-Y,09,RUBIT
IF,RUBIT,43.222222,6.412222, ,0.0,0.0,0,0,0,0,0,0,0,0
TF,LUC,43.382778,6.255917,0, ,0.0,0.0,0.0,0.0,2,3800,0,0,0,0,1,0
HF,LUC,43.382778,6.255917,1, ,0.0,0.0,87.0,05,2,3100,0,1,150,0,0,0,0

APPTR,D09-Y,09,STP
IF,STP,43.219472,6.601806, ,0.0,0.0,0,0,0,0,0,0,0,0
TF,LUC,43.382778,6.255917,0, ,0.0,0.0,0.0,0.0,2,3300,0,0,0,0,1,0
HF,LUC,43.382778,6.255917,1, ,0.0,0.0,87.0,05,2,3100,0,1,150,0,0,0,0

APPTR,D09-Y,09,TRETS
IF,TRETS,43.413056,5.730833, ,0.0,0.0,0,0,0,0,0,0,0,0
TF,LUC,43.382778,6.255917,0, ,0.0,0.0,0.0,0.0,2,4400,0,0,0,0,1,0
HF,LUC,43.382778,6.255917,1, ,0.0,0.0,87.0,05,2,3100,0,1,150,0,0,0,0

FINAL,D09-Y,09,D,4
IF,CF09,43.381444,6.153167,LUC,267.0,4.5,2,3100,0,0,0,0,0,0
CF,30VOR,43.381883,6.187361,0,LUC,267.0,3.0,87.0,1.5,2,2300,0,0,0,0,0,0
CF,LUC,43.382778,6.255917,0,LUC,0.0,0.0,87.0,3.0,2,2100,0,0,0,0,2,0
CF,MA09,43.384175,6.370175,0,LUC,87.0,5.0,87.0,5.0,1,420,0,0,0,0,3,0
FD,MA09,43.384175,6.370175,0,LUC,87.0,9.0,87.0,9.0,0,0,0,0,0,0,0,0
CF,LUC,43.382778,6.255917,1,LUC,0.0,0.0,250.0,10.0,1,3100,0,0,0,0,0,0

APPTR,D09-Z,09,AMFOU
IF,AMFOU,43.595833,6.101111, ,0.0,0.0,0,0,0,0,0,0,0,0
TF,GILON,43.444167,6.115000,0, ,0.0,0.0,0.0,0.0,2,3800,0,0,0,0,1,0
AF,D275G,43.397286,6.092547,1,LUC,275.0,7.2,299.0,2,3800,0,1,150,0,0,0
AF,CD09,43.380250,6.091389,1,LUC,266.9,7.2,275.0,2,3800,0,0,0,0,1,0

APPTR,D09-Z,09,GILON
IF,GILON,43.444167,6.115000, ,0.0,0.0,0,0,0,0,0,0,1,0
AF,D275G,43.397286,6.092547,1,LUC,275.0,7.2,299.0,2,3800,0,1,150,0,0,0
AF,CD09,43.380250,6.091389,1,LUC,266.9,7.2,275.0,2,3800,0,0,0,0,1,0

APPTR,D09-Z,09,LALAT
IF,LALAT,43.398611,5.936556, ,0.0,0.0,0,0,0,0,0,0,1,0
CF,D267L,43.378883,5.976789,0,LUC,267.0,12.2,122.0,2.1,2,3800,0,0,0,0,0,0
CF,CD09,43.380250,6.091389,0,LUC,266.9,7.2,87.0,5.0,2,3800,0,0,0,0,1,0

APPTR,D09-Z,09,TRETS
IF,TRETS,43.413056,5.730833, ,0.0,0.0,0,0,0,0,0,0,0,0
TF,LALAT,43.398611,5.936556,0, ,0.0,0.0,0.0,0.0,2,4400,0,0,0,0,1,0
CF,D267L,43.378883,5.976789,0,LUC,267.0,12.2,122.0,2.1,2,3800,0,0,0,0,0,0
CF,CD09,43.380250,6.091389,0,LUC,266.9,7.2,87.0,5.0,2,3800,0,0,0,0,1,0

FINAL,D09-Z,09,D,5
IF,CD09,43.380250,6.091389,LUC,266.9,7.2,2,3800,0,0,0,0,0,0
CF,45VOR,43.381422,6.153086,0,LUC,267.0,4.5,87.0,2.7,2,2600,0,0,0,0,0,0
CF,30VOR,43.381883,6.187361,0,LUC,267.0,3.0,87.0,1.5,2,2300,0,0,0,0,0,0
CF,LUC,43.382778,6.255917,0,LUC,0.0,0.0,87.0,3.0,2,2100,0,0,0,0,2,0
CF,MA09,43.384175,6.370175,0,LUC,87.0,5.0,87.0,5.0,1,420,0,0,0,0,3,0
FD,MA09,43.384175,6.370175,0,LUC,87.0,9.0,87.0,9.0,0,0,0,0,0,0,0,0
CF,LUC,43.382778,6.255917,1,LUC,0.0,0.0,250.0,10.0,1,3100,0,0,0,0,0,0

APPTR,N27-Y,27,GILO1
IF,GILON,43.444167,6.115000, ,0.0,0.0,0,0,0,0,0,0,0,0
TF,LU,43.386861,6.525167,0, ,0.0,0.0,0.0,0.0,2,2800,0,0,0,0,1,0
FC,LU,43.386861,6.525167,0,LUC,0.0,0.0,111.0,2.5,0,0,0,1,100,0,0,1
CF,LU,43.386861,6.525167,1,LUC,86.7,11.8,267.0,3.0,2,2800,0,0,0,0,0,0

APPTR,N27-Y,27,GILO2
IF,GILON,43.444167,6.115000, ,0.0,0.0,0,0,0,0,0,0,0,0
TF,LUC,43.382778,6.255917,0, ,0.0,0.0,0.0,0.0,2,3100,0,0,0,0,0,0
CF,LU,43.386861,6.525167,0,LUC,86.7,11.8,87.0,11.8,2,2800,0,0,0,0,1,0
FC,LU,43.386861,6.525167,0,LUC,0.0,0.0,111.0,2.5,0,0,0,1,100,0,0,1
CF,LU,43.386861,6.525167,1,LUC,86.7,11.8,267.0,3.0,2,2800,0,0,0,0,0,0

APPTR,N27-Y,27,LU
IF,LU,43.386861,6.525167, ,0.0,0.0,2,2800,0,0,0,0,1,0
FC,LU,43.386861,6.525167,0,LUC,0.0,0.0,111.0,2.5,0,0,0,1,100,0,0,1
CF,LU,43.386861,6.525167,1,LUC,86.7,11.8,267.0,3.0,2,2800,0,0,0,0,0,0

APPTR,N27-Y,27,RUBI1
IF,RUBIT,43.222222,6.412222, ,0.0,0.0,0,0,0,0,0,0,0,0
TF,LU,43.386861,6.525167,0, ,0.0,0.0,0.0,0.0,2,3200,0,0,0,0,1,0
FC,LU,43.386861,6.525167,0,LUC,0.0,0.0,111.0,2.5,0,0,0,1,100,0,0,1
CF,LU,43.386861,6.525167,1,LUC,86.7,11.8,267.0,3.0,2,2800,0,0,0,0,0,0

APPTR,N27-Y,27,RUBI2
IF,RUBIT,43.222222,6.412222, ,0.0,0.0,0,0,0,0,0,0,0,0
TF,LUC,43.382778,6.255917,0, ,0.0,0.0,0.0,0.0,2,3800,0,0,0,0,0,0
TF,LU,43.386861,6.525167,2, ,0.0,0.0,0.0,0.0,2,2800,0,0,0,0,1,0
FC,LU,43.386861,6.525167,0,LUC,0.0,0.0,111.0,2.5,0,0,0,1,100,0,0,1
CF,LU,43.386861,6.525167,1,LUC,86.7,11.8,267.0,3.0,2,2800,0,0,0,0,0,0

APPTR,N27-Y,27,STP
IF,STP,43.219472,6.601806, ,0.0,0.0,0,0,0,0,0,0,0,0
TF,LU,43.386861,6.525167,0, ,0.0,0.0,0.0,0.0,2,2800,0,0,0,0,1,0
FC,LU,43.386861,6.525167,2,LUC,0.0,0.0,111.0,2.5,0,0,0,1,100,0,0,1
CF,LU,43.386861,6.525167,1,LUC,86.7,11.8,267.0,3.0,2,2800,0,0,0,0,0,0

APPTR,N27-Y,27,SUSU1
IF,SUSUK,43.547556,6.135417, ,0.0,0.0,0,0,0,0,0,0,0,0
TF,LU,43.386861,6.525167,0, ,0.0,0.0,0.0,0.0,2,3700,0,0,0,0,1,0
FC,LU,43.386861,6.525167,0,LUC,0.0,0.0,111.0,2.5,0,0,0,1,100,0,0,1
CF,LU,43.386861,6.525167,1,LUC,86.7,11.8,267.0,3.0,2,2800,0,0,0,0,0,0

APPTR,N27-Y,27,SUSU2
IF,SUSUK,43.547556,6.135417, ,0.0,0.0,0,0,0,0,0,0,0,0
TF,LUC,43.382778,6.255917,0, ,0.0,0.0,0.0,0.0,2,3600,0,0,0,0,0,0
CF,LU,43.386861,6.525167,0,LUC,86.7,11.8,87.0,11.8,2,2800,0,0,0,0,1,0
FC,LU,43.386861,6.525167,0,LUC,0.0,0.0,111.0,2.5,0,0,0,1,100,0,0,1
CF,LU,43.386861,6.525167,1,LUC,86.7,11.8,267.0,3.0,2,2800,0,0,0,0,0,0

APPTR,N27-Y,27,TRETS
IF,TRETS,43.413056,5.730833, ,0.0,0.0,0,0,0,0,0,0,0,0
TF,LUC,43.382778,6.255917,0, ,0.0,0.0,0.0,0.0,2,4400,0,0,0,0,0,0
CF,LU,43.386861,6.525167,0,LUC,86.7,11.8,87.0,11.8,2,2800,0,0,0,0,1,0
FC,LU,43.386861,6.525167,0,LUC,0.0,0.0,111.0,2.5,0,0,0,1,100,0,0,1
CF,LU,43.386861,6.525167,1,LUC,86.7,11.8,267.0,3.0,2,2800,0,0,0,0,0,0

FINAL,N27-Y,27,N,2
IF,LU,43.386861,6.525167,LU,0.0,0.0,2,2800,0,0,0,0,2,0
CF,MA27,43.385253,6.404047,0,LU,0.0,0.0,267.0,5.3,1,577,0,0,0,0,3,0
FA,MA27,43.385253,6.404047,0,LUC,0.0,0.0,267.0,2,1700,0,0,0,0,0,0
CF,LU,43.386861,6.525167,2,LUC,86.7,11.8,96.0,7.0,1,2800,0,0,0,0,0,0

APPTR,Q27-Z,27,GILO1
IF,GILON,43.444167,6.115000, ,0.0,0.0,0,0,0,0,0,0,0,0
TF,LU,43.386861,6.525167,0, ,0.0,0.0,0.0,0.0,2,2800,0,0,0,0,1,0
FD,LU,43.386861,6.525167,0,LC,0.0,9.0,110.0,9.0,0,0,0,1,135,0,0,0
CF,CQ27,43.387778,6.586944,1,LUC,86.7,14.5,267.0,1.0,2,2800,0,0,0,0,1,0

APPTR,Q27-Z,27,GILO2
IF,GILON,43.444167,6.115000, ,0.0,0.0,0,0,0,0,0,0,0,0
TF,LUC,43.382778,6.255917,0, ,0.0,0.0,0.0,0.0,2,3100,0,0,0,0,0,0
CF,LU,43.386861,6.525167,0,LUC,86.7,11.8,87.0,11.8,2,2800,0,0,0,0,1,0
FD,LU,43.386861,6.525167,0,LC,0.0,9.0,110.0,9.0,0,0,0,1,135,0,0,0
CF,CQ27,43.387778,6.586944,1,LUC,86.7,14.5,267.0,1.0,2,2800,0,0,0,0,1,0

APPTR,Q27-Z,27,LU
IF,LU,43.386861,6.525167, ,0.0,0.0,2,2800,0,0,0,0,1,0
FD,LU,43.386861,6.525167,0,LC,0.0,9.0,110.0,9.0,0,0,0,1,135,0,0,0
CF,CQ27,43.387778,6.586944,1,LUC,86.7,14.5,267.0,1.0,2,2800,0,0,0,0,1,0

APPTR,Q27-Z,27,RUBI1
IF,RUBIT,43.222222,6.412222, ,0.0,0.0,0,0,0,0,0,0,0,0
TF,LU,43.386861,6.525167,0, ,0.0,0.0,0.0,0.0,2,3200,0,0,0,0,1,0
FD,LU,43.386861,6.525167,0,LC,0.0,9.0,110.0,9.0,0,0,0,1,135,0,0,0
CF,CQ27,43.387778,6.586944,1,LUC,86.7,14.5,267.0,1.0,2,2800,0,0,0,0,1,0

APPTR,Q27-Z,27,RUBI2
IF,RUBIT,43.222222,6.412222, ,0.0,0.0,0,0,0,0,0,0,0,0
TF,LUC,43.382778,6.255917,0, ,0.0,0.0,0.0,0.0,2,3800,0,0,0,0,0,0
TF,LU,43.386861,6.525167,2, ,0.0,0.0,0.0,0.0,2,2800,0,0,0,0,1,0
FD,LU,43.386861,6.525167,0,LC,0.0,9.0,110.0,9.0,0,0,0,1,135,0,0,0
CF,CQ27,43.387778,6.586944,1,LUC,86.7,14.5,267.0,1.0,2,2800,0,0,0,0,1,0

APPTR,Q27-Z,27,STP
IF,STP,43.219472,6.601806, ,0.0,0.0,0,0,0,0,0,0,0,0
TF,LU,43.386861,6.525167,0, ,0.0,0.0,0.0,0.0,2,2800,0,0,0,0,1,0
FD,LU,43.386861,6.525167,2,LC,0.0,9.0,110.0,9.0,0,0,0,1,135,0,0,0
CF,CQ27,43.387778,6.586944,1,LUC,86.7,14.5,267.0,1.0,2,2800,0,0,0,0,1,0

APPTR,Q27-Z,27,SUSU1
IF,SUSUK,43.547556,6.135417, ,0.0,0.0,0,0,0,0,0,0,0,0
TF,LU,43.386861,6.525167,0, ,0.0,0.0,0.0,0.0,2,3700,0,0,0,0,1,0
FD,LU,43.386861,6.525167,0,LC,0.0,9.0,110.0,9.0,0,0,0,1,135,0,0,0
CF,CQ27,43.387778,6.586944,1,LUC,86.7,14.5,267.0,1.0,2,2800,0,0,0,0,1,0

APPTR,Q27-Z,27,SUSU2
IF,SUSUK,43.547556,6.135417, ,0.0,0.0,0,0,0,0,0,0,0,0
TF,LUC,43.382778,6.255917,0, ,0.0,0.0,0.0,0.0,2,3600,0,0,0,0,0,0
CF,LU,43.386861,6.525167,0,LUC,86.7,11.8,87.0,11.8,2,2800,0,0,0,0,1,0
FD,LU,43.386861,6.525167,0,LC,0.0,9.0,110.0,9.0,0,0,0,1,135,0,0,0
CF,CQ27,43.387778,6.586944,1,LUC,86.7,14.5,267.0,1.0,2,2800,0,0,0,0,1,0

APPTR,Q27-Z,27,TRETS
IF,TRETS,43.413056,5.730833, ,0.0,0.0,0,0,0,0,0,0,0,0
TF,LUC,43.382778,6.255917,0, ,0.0,0.0,0.0,0.0,2,4400,0,0,0,0,0,0
CF,LU,43.386861,6.525167,0,LUC,86.7,11.8,87.0,11.8,2,2800,0,0,0,0,1,0
FD,LU,43.386861,6.525167,0,LC,0.0,9.0,110.0,9.0,0,0,0,1,135,0,0,0
CF,CQ27,43.387778,6.586944,1,LUC,86.7,14.5,267.0,1.0,2,2800,0,0,0,0,1,0

FINAL,Q27-Z,27,N,4
IF,CQ27,43.387778,6.586944,LU,0.0,0.0,2,2800,0,0,0,0,0,0
CF,LU,43.386861,6.525167,0,LU,0.0,0.0,267.0,2.7,2,2300,0,0,0,0,2,0
CF,50DME,43.386478,6.495456,0,LU,0.0,0.0,267.0,1.3,2,1870,0,0,0,0,0,0
CF,MA27,43.385253,6.404047,0,LC,0.0,1.0,267.0,4.0,1,519,0,0,0,0,3,0
FD,MA27,43.385253,6.404047,0,LC,0.0,3.0,267.0,3.0,0,0,0,0,0,0,0,0
CF,LU,43.386861,6.525167,2,LUC,86.7,11.8,104.0,10.0,1,2800,0,0,0,0,0,0

APPTR,R09,09,MC400
IF,MC400,43.447722,6.211583, ,0.0,0.0,2,4700,0,1,120,0,1,0
TF,IMC09,43.381056,6.214111,0, ,0.0,0.0,0.0,0.0,1,3200,0,1,120,0,1,0

APPTR,R09,09,MC401
IF,MC401,43.379167,6.122750, ,0.0,0.0,2,4700,0,1,120,0,1,0
TF,IMC09,43.381056,6.214111,0, ,0.0,0.0,0.0,0.0,1,3200,0,1,120,0,1,0

APPTR,R09,09,MC402
IF,MC402,43.331083,6.216028, ,0.0,0.0,2,3800,0,1,120,0,1,0
TF,IMC09,43.381056,6.214111,0, ,0.0,0.0,0.0,0.0,1,3200,0,1,120,0,1,0

FINAL,R09,09,R,3
IF,IMC09,43.381056,6.214111, ,0.0,0.0,1,3200,0,1,120,0,0,0
TF,FMC09,43.382083,6.261389,0, ,0.0,0.0,86.0,2.1,1,2200,0,1,90,0,2,0
TF,RW09,43.384556,6.378697,0, ,0.0,0.0,86.0,5.1,1,295,0,1,90,0,3,1
TF,MC405,43.385417,6.424306,0, ,0.0,0.0,0.0,0.0,3,2300,0,1,90,0,0,0
TF,MC406,43.435417,6.422444,0, ,0.0,0.0,0.0,0.0,3,3200,0,1,90,0,0,0
TF,MC400,43.447722,6.211583,0, ,0.0,0.0,0.0,0.0,3,3200,0,1,100,0,0,0

APPTR,R27,27,MC420
IF,MC420,43.437778,6.568972, ,0.0,0.0,2,3900,0,1,120,0,1,0
TF,IMC27,43.387778,6.570861,0, ,0.0,0.0,0.0,0.0,2,3300,0,1,120,0,1,0

APPTR,R27,27,MC421
IF,MC421,43.337778,6.572778, ,0.0,0.0,2,4700,0,1,120,0,1,0
TF,IMC27,43.387778,6.570861,0, ,0.0,0.0,0.0,0.0,2,3300,0,1,120,0,1,0

FINAL,R27,27,R,3
IF,IMC27,43.387778,6.570861, ,0.0,0.0,2,3300,0,1,120,0,1,0
TF,FMC27,43.387028,6.524361,0, ,0.0,0.0,266.0,2.0,2,2500,0,1,90,0,2,0
TF,RW27,43.384706,6.388469,0, ,0.0,0.0,266.0,6.0,1,290,0,1,90,0,3,1
TF,LUC,43.382778,6.255917,0, ,0.0,0.0,0.0,0.0,2,3300,0,1,90,0,0,0
HM,LUC,43.382778,6.255917,1, ,0.0,0.0,86.0,04.3,2,3300,0,1,100,0,0,0,0

APPTR,S09-X,09,GILON
IF,GILON,43.444167,6.115000, ,0.0,0.0,0,0,0,0,0,0,0,0
TF,LUC,43.382778,6.255917,0, ,0.0,0.0,0.0,0.0,2,3100,0,0,0,0,1,0
HF,LUC,43.382778,6.255917,1, ,0.0,0.0,87.0,04.3,2,3100,0,1,150,0,0,0,0

APPTR,S09-X,09,LUC
HF,LUC,43.382778,6.255917,1, ,0.0,0.0,87.0,04.3,2,3100,0,1,150,0,1,0,0

APPTR,S09-X,09,RUBIT
IF,RUBIT,43.222222,6.412222, ,0.0,0.0,0,0,0,0,0,0,0,0
TF,LUC,43.382778,6.255917,0, ,0.0,0.0,0.0,0.0,2,3800,0,0,0,0,1,0
HF,LUC,43.382778,6.255917,1, ,0.0,0.0,87.0,04.3,2,3100,0,1,150,0,0,0,0

APPTR,S09-X,09,STP
IF,STP,43.219472,6.601806, ,0.0,0.0,0,0,0,0,0,0,0,0
TF,LUC,43.382778,6.255917,0, ,0.0,0.0,0.0,0.0,2,3300,0,0,0,0,1,0
HF,LUC,43.382778,6.255917,1, ,0.0,0.0,87.0,04.3,2,3100,0,1,150,0,0,0,0

APPTR,S09-X,09,SUSUK
IF,SUSUK,43.547556,6.135417, ,0.0,0.0,0,0,0,0,0,0,0,0
TF,LUC,43.382778,6.255917,0, ,0.0,0.0,0.0,0.0,2,3700,0,0,0,0,1,0
HF,LUC,43.382778,6.255917,1, ,0.0,0.0,87.0,04.3,2,3100,0,1,150,0,0,0,0

APPTR,S09-X,09,TRETS
IF,TRETS,43.413056,5.730833, ,0.0,0.0,0,0,0,0,0,0,0,0
TF,LUC,43.382778,6.255917,0, ,0.0,0.0,0.0,0.0,2,4400,0,0,0,0,1,0
HF,LUC,43.382778,6.255917,1, ,0.0,0.0,87.0,04.3,2,3100,0,1,150,0,0,0,0

FINAL,S09-X,09,D,3
IF,CS09X,43.382186,6.210211,LUC,267.0,2.0,2,3100,0,0,0,0,0,0
CF,LUC,43.382778,6.255917,0,LUC,0.0,0.0,87.0,2.0,2,2300,0,0,0,0,2,0
CF,MA09,43.384175,6.370175,0,LUC,87.0,5.0,87.0,5.0,1,435,0,0,0,0,3,0
FA,MA09,43.384175,6.370175,0,LUC,0.0,0.0,87.0,2,2000,0,0,0,0,0,0
DF,LUC,43.382778,6.255917,1, ,0.0,0.0,1,3100,0,0,0,0,0,0

