SID,BNO2F,12,2
DF,LA,49.136506,16.179611,0, ,0.0,0.0,0,0,0,0,0,0,0,1
TF,BNO,49.150064,16.692581,0, ,0.0,0.0,0.0,0.0,0,0,0,0,0,0,0,0

SID,BNO2W,30,2
CA,0,304.0,2,2000,0,0,0,0,0,0
CI,2, ,0.0,48.0,0,0,0,0,0,0,0,0
CF,BNO,49.150064,16.692581,0,BNO,0.0,0.0,113.0,20.0,0,0,0,0,0,0,0,0

SID,BODA2F,12,2
DF,LA,49.136506,16.179611,0, ,0.0,0.0,0,0,0,0,0,0,0,1
CI,1, ,0.0,358.0,0,0,0,0,0,0,0,0
CF,BODAL,49.464108,15.782703,0,BNO,294.2,40.4,293.0,22.0,0,0,0,0,0,0,0,0

SID,BODA4W,30,2
CA,0,304.0,2,2000,0,0,0,0,0,0
CI,0, ,0.0,337.0,0,0,0,0,0,0,0,0
CF,BODAL,49.464108,15.782703,0,OKF,12.3,31.2,317.0,18.0,0,0,0,0,0,0,0,0

SID,OKF2F,12,2
DF,LA,49.136506,16.179611,0, ,0.0,0.0,0,0,0,0,0,0,0,1
CI,1, ,0.0,304.0,0,0,0,0,0,0,0,0
CF,XU,49.197253,16.066789,0,BNO,272.8,24.8,231.0,5.0,0,0,0,0,0,0,0,0
TF,OKF,48.969175,15.545578,0, ,0.0,0.0,0.0,0.0,0,0,0,0,0,0,0,0

SID,OKF4W,30,2
CA,0,304.0,2,2000,0,0,0,0,0,0
VI,0, ,0.0,250.0,0,0,0,0,0,0,0,0
CF,OKF,48.969175,15.545578,0,OKF,0.0,0.0,220.0,15.0,0,0,0,0,0,0,0,0

STAR,BNO2H,30,2
IF,BNO,49.150064,16.692581, ,0.0,0.0,0,0,0,0,0,0,0,0
TF,GIVIP,49.091081,16.516578,0, ,0.0,0.0,0.0,0.0,0,0,0,0,0,0,0,0

STAR,BNO3K,12,2
IF,BNO,49.150064,16.692581, ,0.0,0.0,0,0,0,0,0,0,0,0
TF,NA501,49.175947,16.355006,0, ,0.0,0.0,0.0,0.0,0,0,0,0,0,0,0,0
TF,XU,49.197253,16.066789,0, ,0.0,0.0,0.0,0.0,0,0,0,0,0,0,0,0

STAR,BODA2H,30,2
IF,BODAL,49.464108,15.782703, ,0.0,0.0,0,0,0,0,0,0,0,0
TF,ODUKO,49.385189,15.878939,0, ,0.0,0.0,0.0,0.0,0,0,0,0,0,0,0,0
TF,LA,49.136506,16.179611,0, ,0.0,0.0,0.0,0.0,0,0,0,0,0,0,0,0

STAR,BODA6K,12,5
IF,BODAL,49.464108,15.782703, ,0.0,0.0,0,0,0,0,0,0,0,0
TF,ODUKO,49.385189,15.878939,0, ,0.0,0.0,0.0,0.0,0,0,0,0,0,0,0,0

STAR,OKF3H,30,2
IF,OKF,48.969175,15.545578, ,0.0,0.0,0,0,0,0,0,0,0,0
TF,NA502,49.086378,15.987850,0, ,0.0,0.0,0.0,0.0,0,0,0,0,0,0,0,0
TF,LA,49.136506,16.179611,0, ,0.0,0.0,0.0,0.0,0,0,0,0,0,0,0,0

STAR,OKF6K,12,2
IF,OKF,48.969175,15.545578, ,0.0,0.0,0,0,0,0,0,0,0,0
TF,NA502,49.086378,15.987850,0, ,0.0,0.0,0.0,0.0,0,0,0,0,0,0,0,0
TF,XU,49.197253,16.066789,0, ,0.0,0.0,0.0,0.0,0,0,0,0,0,0,0,0

APPTR,I30,30,GIVIP
FC,GIVIP,49.091081,16.516578,0,BNO,0.0,0.0,238.0,4.8,2,4000,0,0,0,0,1,1
FC,GIVIP,49.091081,16.516578,0,BNO,0.0,0.0,238.0,4.8,2,4000,0,0,0,0,1,1
CI,0,LA,0.0,274.0,0,0,0,0,0,0,0,0
CI,0,LA,0.0,274.0,0,0,0,0,0,0,0,0

APPTR,I30,30,LA1
IF,LA,49.136506,16.179611, ,0.0,0.0,2,4000,0,0,0,0,1,0
CF,NA30C,49.090000,16.387222,0,BNO,248.4,12.6,103.0,8.7,2,4000,0,0,0,0,0,1
CF,NA30I,49.047778,16.348611,2,LA,123.8,12.2,304.0,1.0,2,4000,0,0,0,0,1,0

APPTR,I30,30,LA2
IF,LA,49.136506,16.179611, ,0.0,0.0,2,4000,0,0,0,0,1,0
CF,NA30A,49.071111,16.373056,0,BNO,244.5,13.5,112.0,8.6,2,4000,0,0,0,0,0,1
CF,NA30I,49.047778,16.348611,2,LA,123.8,12.2,304.0,1.0,2,4000,0,0,0,0,1,0

FINAL,I30,30,I,6
IF,NA30I,49.047778,16.348611,LA,123.8,12.2,2,4000,0,0,0,0,0,0
IF,NA30I,49.047778,16.348611,LA,123.8,12.2,2,4000,0,0,0,0,0,0
CF,NA30F,49.078889,16.291944,0,LA,123.5,9.3,304.0,2.9,1,4000,0,0,0,0,2,0
CF,NA30F,49.078889,16.291944,0,LA,123.5,9.3,304.0,2.9,1,4000,0,0,0,0,2,0
CF,RW30,49.159369,16.137106,0,LA,124.3,1.5,304.0,7.8,1,1549,0,0,0,0,3,0
CF,RW30,49.159369,16.137106,0,LA,124.3,1.5,304.0,7.8,1,1549,0,0,0,0,3,0
TF,XU,49.197253,16.066789,0, ,0.0,0.0,0.0,0.0,0,0,0,0,0,0,0,1
CF,XU,49.197253,16.066789,0,BNO,271.8,24.8,304.0,3.6,0,0,0,0,0,0,0,1
DF,LA,49.136506,16.179611,1, ,0.0,0.0,1,4000,0,0,0,0,0,0
DF,LA,49.136506,16.179611,1, ,0.0,0.0,1,4000,0,1,240,0,0,0

APPTR,N12,12,ODUKO
FC,ODUKO,49.385189,15.878939,0,BNO,0.0,0.0,175.0,5.0,0,0,0,0,0,0,1,1
FC,ODUKO,49.385189,15.878939,0,BNO,0.0,0.0,175.0,5.0,0,0,0,0,0,0,1,1
CF,NA12I,49.284167,15.899444,0,BNO,279.8,32.2,124.0,2.0,2,4000,0,0,0,0,1,1
CF,NA12I,49.284167,15.899444,0,BNO,279.8,32.2,124.0,2.0,2,4000,0,0,0,0,1,1
CF,NA12F,49.252222,15.961667,0,BNO,277.3,29.4,124.0,3.1,2,4000,0,0,0,0,0,0
CF,NA12F,49.252222,15.961667,0,BNO,277.3,29.4,124.0,3.1,2,4000,0,0,0,0,0,0

APPTR,N12,12,XU
IF,XU,49.197253,16.066789, ,0.0,0.0,0,0,0,0,0,0,1,0
CF,NA12H,49.238889,15.945556,0,BNO,275.6,29.9,293.0,5.4,2,4000,0,0,0,0,0,1
CF,NA12F,49.252222,15.961667,2,BNO,277.3,29.4,124.0,1.0,2,4000,0,0,0,0,0,0

APPTR,N12,12,XU1
IF,XU,49.197253,16.066789,BNO,271.8,24.8,2,4000,0,0,0,0,1,0
CF,NA12C,49.237778,15.861667,0,BNO,274.5,33.1,282.0,8.4,2,4000,0,0,0,0,0,1
CF,NA12I,49.284167,15.899444,2,BNO,279.8,32.2,124.0,1.0,2,4000,0,0,0,0,1,1
CF,NA12F,49.252222,15.961667,0,BNO,277.3,29.4,124.0,3.1,2,4000,0,0,0,0,0,0

APPTR,N12,12,XU2
IF,XU,49.197253,16.066789,BNO,271.8,24.8,2,4000,0,0,0,0,1,0
CF,NA12A,49.262222,15.879167,0,BNO,277.2,32.7,293.0,8.4,2,4000,0,0,0,0,0,1
CF,NA12I,49.284167,15.899444,2,BNO,279.8,32.2,124.0,1.0,2,4000,0,0,0,0,1,1
CF,NA12F,49.252222,15.961667,0,BNO,277.3,29.4,124.0,3.1,2,4000,0,0,0,0,0,0

FINAL,N12,12,N,5
IF,NA12F,49.252222,15.961667,XU,0.0,0.0,2,4000,0,0,0,0,2,0
IF,NA12F,49.252222,15.961667,XU,0.0,0.0,2,4000,0,0,0,0,2,0
CF,XU,49.197253,16.066789,0,XU,0.0,0.0,124.0,5.3,2,2280,0,0,0,0,0,0
CF,X,49.180994,16.096828,0,XU,0.0,0.0,124.0,1.5,1,1838,0,0,0,0,3,0
CF,X,49.180994,16.096828,0,XU,0.0,0.0,124.0,6.8,1,1838,0,0,0,0,3,0
TF,LA,49.136506,16.179611,0, ,0.0,0.0,0.0,0.0,0,0,0,0,0,0,0,1
CF,LA,49.136506,16.179611,0,BNO,262.9,20.2,124.0,4.2,0,0,0,0,0,0,0,1
DF,XU,49.197253,16.066789,1, ,0.0,0.0,1,4000,0,1,240,0,0,0
DF,XU,49.197253,16.066789,1, ,0.0,0.0,1,4000,0,0,0,0,0,0

APPTR,N30,30,GIVIP
FC,GIVIP,49.091081,16.516578,0,BNO,0.0,0.0,238.0,6.0,2,4000,0,0,0,0,1,1
FC,GIVIP,49.091081,16.516578,0,BNO,0.0,0.0,238.0,6.1,2,4000,0,0,0,0,1,1
CF,NA30I,49.047778,16.348611,0,BNO,240.8,14.9,304.0,2.0,2,4000,0,0,0,0,1,1
CF,NA30I,49.047778,16.348611,0,BNO,240.8,14.9,304.0,2.0,2,4000,0,0,0,0,1,1
CF,NA30F,49.078889,16.291944,0,BNO,250.0,16.4,304.0,2.9,2,4000,0,0,0,0,0,0
CF,NA30F,49.078889,16.291944,0,BNO,250.0,16.4,304.0,2.9,2,4000,0,0,0,0,0,0

APPTR,N30,30,LA
IF,LA,49.136506,16.179611, ,0.0,0.0,0,0,0,0,0,0,1,0
CF,NA30H,49.093056,16.305556,0,BNO,252.5,15.6,112.0,5.6,2,4000,0,0,0,0,0,1
CF,NA30F,49.078889,16.291944,2,BNO,250.0,16.4,304.0,1.0,2,4000,0,0,0,0,0,0

APPTR,N30,30,LA1
IF,LA,49.136506,16.179611, ,0.0,0.0,2,4000,0,0,0,0,1,0
CF,NA30C,49.090000,16.387222,0,BNO,248.4,12.6,103.0,8.7,2,4000,0,0,0,0,0,1
CF,NA30I,49.047778,16.348611,2,BNO,240.8,14.9,304.0,1.0,2,4000,0,0,0,0,1,1
CF,NA30F,49.078889,16.291944,0,BNO,250.0,16.4,304.0,2.9,2,4000,0,0,0,0,0,0

APPTR,N30,30,LA2
IF,LA,49.136506,16.179611, ,0.0,0.0,2,4000,0,0,0,0,1,0
CF,NA30A,49.071111,16.373056,0,BNO,244.5,13.5,112.0,8.6,2,4000,0,0,0,0,0,1
CF,NA30I,49.047778,16.348611,2,BNO,240.8,14.9,304.0,1.0,2,4000,0,0,0,0,1,1
CF,NA30F,49.078889,16.291944,0,BNO,250.0,16.4,304.0,2.9,2,4000,0,0,0,0,0,0

FINAL,N30,30,N,5
IF,NA30F,49.078889,16.291944,LA,0.0,0.0,2,4000,0,0,0,0,2,0
IF,NA30F,49.078889,16.291944,LA,0.0,0.0,2,4000,0,0,0,0,2,0
CF,LA,49.136506,16.179611,0,LA,0.0,0.0,304.0,5.6,2,2240,0,0,0,0,0,0
CF,L,49.150531,16.153561,0,LA,0.0,0.0,304.0,7.0,1,1816,0,0,0,0,3,0
CF,L,49.150531,16.153561,0,LA,0.0,0.0,304.0,1.3,1,1816,0,0,0,0,3,0
CF,XU,49.197253,16.066789,0,BNO,271.8,24.8,304.0,4.4,0,0,0,0,0,0,0,1
TF,XU,49.197253,16.066789,0, ,0.0,0.0,0.0,0.0,0,0,0,0,0,0,0,1
DF,LA,49.136506,16.179611,1, ,0.0,0.0,1,4000,0,0,0,0,0,0
DF,LA,49.136506,16.179611,1, ,0.0,0.0,1,4000,0,1,240,0,0,0

APPTR,T12,12,NAS
IF,NAS,49.165078,16.122967, ,0.0,0.0,0,0,0,0,0,0,1,0
TF,NA12T,49.242939,15.951675,0, ,0.0,0.0,0.0,0.0,2,4000,0,0,0,0,0,1
CF,FAT12,49.257844,15.970131,2,NAS,307.9,8.2,128.0,1.0,2,4000,0,0,0,0,0,0

APPTR,T12,12,ODUKO
IF,ODUKO,49.385189,15.878939, ,0.0,0.0,0,0,0,0,0,0,1,0
TF,NA12U,49.313200,15.878472,0, ,0.0,0.0,0.0,0.0,2,4000,0,0,0,0,0,0
TF,IFT12,49.291742,15.914042,0, ,0.0,0.0,0.0,0.0,2,4000,0,0,0,0,1,1
TF,FAT12,49.257844,15.970131,0, ,0.0,0.0,0.0,0.0,2,4000,0,0,0,0,0,0

FINAL,T12,12,D,3
IF,FAT12,49.257844,15.970131,NAS,307.9,8.2,2,4000,0,0,0,0,2,0
CF,SDF12,49.210378,16.048467,0,NAS,307.9,4.0,128.0,4.2,2,2660,0,0,0,0,0,0
CF,MA12,49.181019,16.096797,0,NAS,307.9,1.4,128.0,2.6,1,1838,0,0,0,0,3,1
TF,TPT12,49.131092,16.178786,0, ,0.0,0.0,0.0,0.0,0,0,0,0,0,0,0,1
DF,NAS,49.165078,16.122967,1, ,0.0,0.0,1,4000,0,0,0,0,0,1

APPTR,T30,30,GIVIP
IF,GIVIP,49.091081,16.516578, ,0.0,0.0,0,0,0,0,0,0,1,0
TF,NA30U,49.043856,16.376536,0, ,0.0,0.0,0.0,0.0,2,4000,0,0,0,0,0,0
TF,IFT30,49.053775,16.355878,0, ,0.0,0.0,0.0,0.0,0,0,0,0,0,0,1,1
TF,FAT30,49.083225,16.294458,0, ,0.0,0.0,0.0,0.0,2,4000,0,0,0,0,0,0

APPTR,T30,30,NAS
IF,NAS,49.165078,16.122967, ,0.0,0.0,0,0,0,0,0,0,1,0
TF,NA30T,49.098769,16.313592,0, ,0.0,0.0,0.0,0.0,2,4000,0,0,0,0,0,1
CF,FAT30,49.083225,16.294458,2,NAS,121.0,8.4,301.0,1.0,2,4000,0,0,0,0,0,0

FINAL,T30,30,D,2
IF,FAT30,49.083225,16.294458,NAS,121.0,8.4,2,4000,0,0,0,0,2,0
CF,MA30,49.150531,16.153561,0,NAS,120.9,1.5,301.0,6.9,1,1816,0,0,0,0,3,1
TF,TPT30,49.194414,16.061292,0, ,0.0,0.0,0.0,0.0,0,0,0,0,0,0,0,1
DF,NAS,49.165078,16.122967,1, ,0.0,0.0,1,4000,0,0,0,0,0,1

