SID,ALAM1E,07,2
CF,D074D,38.726769,-8.951528,0,LIS,136.2,13.8,74.0,4.0,0,0,0,0,0,0,0,0
VI,0, ,0.0,149.0,0,0,0,0,0,0,0,0
CF,D119R,38.571944,-8.692714,0,LIS,132.5,29.1,119.0,9.0,2,6000,0,0,0,0,0,0
VI,0, ,0.0,34.0,0,0,0,0,0,0,0,0
CF,FTM50,38.832106,-8.529856,0,LIS,98.2,29.9,4.0,9.0,2,10000,0,0,0,0,0,0
VI,0, ,0.0,337.0,0,0,0,0,0,0,0,0
CF,ALAMA,39.223333,-8.550000,0,LIS,56.7,35.0,7.0,21.0,0,0,0,0,0,0,0,0

SID,ALAM1N,07,2
CA,0,74.0,2,1000,0,0,0,0,0,0
DF,D038F,38.789617,-8.958172,0, ,0.0,0.0,0,0,0,0,0,0,0,0
TF,ALAMA,39.223333,-8.550000,0, ,0.0,0.0,0.0,0.0,0,0,0,0,0,0,0,0

SID,ALAM1S,25,2
CA,0,254.0,2,1000,0,0,0,0,0,0
VI,1, ,0.0,8.0,0,0,0,0,0,0,0,0
CF,ALAMA,39.223333,-8.550000,0,LIS,56.7,35.0,38.0,36.0,0,0,0,0,0,0,0,0

SID,ALAM1W,25,2
CA,0,254.0,2,1000,0,0,0,0,0,0
CI,1, ,0.0,80.0,0,0,0,0,0,0,0,0
CF,D119R,38.571944,-8.692714,0,LIS,132.5,29.1,119.0,13.0,2,6000,0,0,0,0,0,0
VI,0, ,0.0,34.0,0,0,0,0,0,0,0,0
CF,FTM50,38.832106,-8.529856,0,LIS,98.2,29.9,4.0,9.0,2,10000,0,0,0,0,0,0
VI,0, ,0.0,337.0,0,0,0,0,0,0,0,0
CF,ALAMA,39.223333,-8.550000,0,LIS,56.7,35.0,7.0,21.0,0,0,0,0,0,0,0,0

SID,ATEC1E,07,2
CA,0,74.0,2,700,0,0,0,0,0,0
CI,0, ,0.0,146.0,0,0,0,0,0,0,0,0
CF,ATECA,38.658333,-8.622500,0,MOJ,100.8,19.6,101.0,18.0,2,2000,0,0,0,0,0,0

SID,ATEC1W,25,2
CA,0,254.0,2,500,0,0,0,0,0,0
CI,1, ,0.0,56.0,0,0,0,1,190,0,0,0
CF,ATECA,38.658333,-8.622500,0,MOJ,100.8,19.6,101.0,15.0,2,2000,0,0,0,0,0,0

SID,ESP1E,07,2
CF,D074D,38.726769,-8.951528,0,LIS,136.2,13.8,74.0,4.0,0,0,0,0,0,0,0,1
CI,2, ,0.0,250.0,0,0,0,0,0,0,0,0
CF,ESP,38.424139,-9.185667,0,ESP,0.0,0.0,205.0,13.0,2,6000,0,0,0,0,0,0

SID,ESP1W,25,2
CA,0,254.0,2,1000,0,0,0,0,0,0
VI,0, ,0.0,175.0,0,0,0,0,0,0,0,0
CF,ESP,38.424139,-9.185667,0,ESP,0.0,0.0,205.0,15.0,2,6000,0,0,0,0,0,0

SID,TROI1E,07,2
CF,D074D,38.726769,-8.951528,0,LIS,136.2,13.8,74.0,4.0,0,0,0,0,0,0,0,0
VI,2, ,0.0,216.0,0,0,0,0,0,0,0,0
CF,D171L,38.512158,-8.985486,0,LIS,161.6,24.0,171.0,5.0,2,2700,0,0,0,0,0,0
TF,D171S,38.397450,-8.957567,0, ,0.0,0.0,0.0,0.0,2,6000,0,0,0,0,0,0
TF,TROIA,38.073253,-8.879153,0, ,0.0,0.0,0.0,0.0,0,0,0,0,0,0,0,0

SID,TROI1W,25,2
CA,0,254.0,2,1000,0,0,0,0,0,0
VI,1, ,0.0,126.0,0,0,0,0,0,0,0,0
CF,D171L,38.512158,-8.985486,0,LIS,161.6,24.0,171.0,8.0,2,2700,0,0,0,0,0,0
TF,D171S,38.397450,-8.957567,0, ,0.0,0.0,0.0,0.0,2,6000,0,0,0,0,0,0
TF,TROIA,38.073253,-8.879153,0, ,0.0,0.0,0.0,0.0,0,0,0,0,0,0,0,0

APPTR,I25,25,IZUZO
IF,IZUZO,38.745556,-8.869722, ,0.0,0.0,2,2000,0,0,0,0,1,0
CF,CI25,38.736317,-8.910689,0,MT,74.4,6.4,256.0,2.0,2,1400,0,0,0,0,1,0

APPTR,I25,25,ORFET
IF,ORFET,38.682778,-8.910278, ,0.0,0.0,2,2000,0,0,0,0,1,0
AF,D085F,38.720906,-8.906731,1,MOJ,85.0,6.0,107.0,2,1400,0,0,0,0,0,0
CI,0,MT,0.0,284.0,0,0,0,0,0,0,0,0

APPTR,I25,25,OZHOG
IF,OZHOG,38.663850,-8.741117, ,0.0,0.0,2,2000,0,0,0,0,1,0
AF,D083N,38.744944,-8.738983,1,MOJ,83.0,14.0,103.0,0,0,0,0,0,0,0,0
AF,D075N,38.776281,-8.748042,1,MOJ,75.1,14.0,83.0,2,1600,0,0,0,0,1,0
CF,CF25,38.745289,-8.874319,0,MT,74.4,8.2,255.0,6.2,2,1600,0,0,0,0,0,0

FINAL,I25,25,I,6
IF,CF25,38.745289,-8.874319,MT,74.4,8.2,2,1600,0,0,0,0,0,0
IF,CI25,38.736317,-8.910689,MT,74.4,6.4,2,1400,0,0,0,0,0,0
CF,FI25,38.722761,-8.965528,0,MT,74.4,3.7,254.0,2.7,1,800,0,0,0,0,2,0
CF,FF25,38.735264,-8.914956,0,MT,74.4,6.2,254.0,2.0,1,1600,0,0,0,0,2,0
CF,RW25,38.711664,-9.010336,0,MT,74.4,1.5,254.0,2.2,1,99,0,0,0,0,3,0
CF,RW25,38.711664,-9.010336,0,MT,74.4,1.5,254.0,4.7,1,99,0,0,0,0,3,0
CA,0,254.0,2,450,0,0,0,0,0,0
CA,0,254.0,2,450,0,0,0,0,0,0
DF,ORFET,38.682778,-8.910278,1, ,0.0,0.0,1,2000,0,0,0,0,0,0
DF,OZHOG,38.663850,-8.741117,1, ,0.0,0.0,1,2000,0,1,200,0,0,0

APPTR,L25,25,OZHOG
IF,OZHOG,38.663850,-8.741117, ,0.0,0.0,2,2000,0,0,0,0,1,0
AF,D083N,38.744944,-8.738983,1,MOJ,83.0,14.0,103.0,0,0,0,0,0,0,0,0
AF,D075N,38.776281,-8.748042,1,MOJ,75.1,14.0,83.0,2,1600,0,0,0,0,1,0
CF,CF25,38.745289,-8.874319,0,MT,74.4,8.2,255.0,6.2,2,1600,0,0,0,0,0,0

FINAL,L25,25,D,4
IF,CF25,38.745289,-8.874319,MT,74.4,8.2,2,1600,0,0,0,0,0,0
CF,FF25,38.735264,-8.914956,0,MT,74.4,6.2,254.0,2.0,2,1600,0,0,0,0,2,0
CF,15LOC,38.719192,-8.979944,0,MT,74.4,3.0,254.0,3.2,2,570,0,0,0,0,0,0
CF,MA25,38.714161,-9.000250,0,MT,74.4,2.0,254.0,1.0,1,258,0,0,0,0,3,0
CA,0,254.0,2,450,0,0,0,0,0,0
DF,OZHOG,38.663850,-8.741117,1, ,0.0,0.0,1,2000,0,1,200,0,0,0

APPTR,T25,25,ELBUG
IF,ELBUG,38.618611,-8.735833, ,0.0,0.0,2,3000,0,0,0,0,0,0
AF,D088O,38.725800,-8.714869,1,MOJ,88.0,15.0,113.0,0,0,0,0,0,0,0,0
AF,CT25,38.756106,-8.719828,1,MOJ,81.0,15.0,88.0,2,2000,0,0,0,0,1,0

APPTR,T25,25,FOFAT
IF,FOFAT,38.740833,-8.868056, ,0.0,0.0,2,2000,0,0,0,0,1,0
CF,CT258,38.732928,-8.909553,0,MOJ,78.0,6.0,258.0,2.0,2,1400,0,0,0,0,1,0

APPTR,T25,25,ORFET
IF,ORFET,38.682778,-8.910278, ,0.0,0.0,2,2000,0,0,0,0,1,0
AF,CT258,38.732928,-8.909553,1,MOJ,78.0,6.0,107.0,2,1400,0,0,0,0,1,0

FINAL,T25,25,D,7
IF,CT258,38.732928,-8.909553,MOJ,78.0,6.0,2,1400,0,0,0,0,0,0
IF,CT25,38.756106,-8.719828,MOJ,81.0,15.0,2,2000,0,0,0,0,0,0
CF,FT25,38.727808,-8.908114,0,MOJ,81.0,6.0,261.0,9.0,2,1700,0,0,0,0,2,0
CF,FT258,38.720869,-8.971564,0,MOJ,78.0,3.0,258.0,3.0,2,800,0,0,0,0,2,0
CF,24TAC,38.718453,-8.983964,0,MOJ,78.0,2.4,258.0,0.6,2,560,0,0,0,0,0,0
CF,RW25,38.711664,-9.010336,0,MOJ,83.0,1.1,258.0,1.3,1,99,0,0,0,0,3,0
CF,MT25,38.713864,-9.000111,0,MOJ,81.0,1.6,261.0,4.4,1,258,0,0,0,0,3,0
CA,0,258.0,2,450,0,0,0,0,0,0
CA,0,261.0,2,450,0,0,0,0,0,0
DF,ORFET,38.682778,-8.910278,1, ,0.0,0.0,1,2000,0,0,0,0,0,0
DF,ELBUG,38.618611,-8.735833,1, ,0.0,0.0,1,3000,0,0,0,0,0,0

APPTR,V01-A,01,D032L
IF,D032L,38.597453,-9.058108, ,0.0,0.0,1,3000,0,0,0,0,0,0
IF,D032L,38.597453,-9.058108, ,0.0,0.0,1,3000,0,0,0,0,0,0
HF,D032L,38.597453,-9.058108,1, ,0.0,0.0,212.0,02,2,2000,0,1,110,0,0,0,0
HF,D032L,38.597453,-9.058108,1, ,0.0,0.0,212.0,02,2,2000,0,1,110,0,0,0,0
TF,D025L,38.608386,-9.085969,0, ,0.0,0.0,0.0,0.0,2,2000,0,0,0,0,1,0
TF,D025L,38.608386,-9.085969,0, ,0.0,0.0,0.0,0.0,2,2000,0,0,0,0,1,0
CF,CD025,38.631411,-9.073472,0,ESP,25.0,13.5,25.0,1.5,2,1500,0,0,0,0,1,0
CF,CD025,38.631411,-9.073472,0,ESP,25.0,13.5,25.0,1.5,2,1500,0,0,0,0,1,0

APPTR,V01-A,01,MAQTU
IF,MAQTU,38.679444,-8.750833, ,0.0,0.0,2,2000,0,0,0,0,0,0
IF,MAQTU,38.679444,-8.750833, ,0.0,0.0,2,2000,0,0,0,0,0,0
CF,CS281,38.689014,-8.835039,0,CAS,101.0,25.0,281.0,4.0,2,1500,0,0,0,0,1,0
CF,CS281,38.689014,-8.835039,0,CAS,101.0,25.0,281.0,4.0,2,1500,0,0,0,0,1,0

FINAL,V01-A,01,D,12
IF,CD025,38.631411,-9.073472,ESP,25.0,13.5,2,1500,0,0,0,0,0,0
IF,CD025,38.631411,-9.073472,ESP,25.0,13.5,2,1500,0,0,0,0,0,0
IF,CS281,38.689014,-8.835039,CAS,101.0,25.0,2,1500,0,0,0,0,0,0
IF,CS281,38.689014,-8.835039,CAS,101.0,25.0,2,1500,0,0,0,0,0,0
CF,FS281,38.701050,-8.940367,0,CAS,101.0,20.0,281.0,5.0,2,1000,0,0,0,0,2,0
CF,FS281,38.701050,-8.940367,0,CAS,101.0,20.0,281.0,5.0,2,1000,0,0,0,0,2,0
CF,FD025,38.662108,-9.056794,0,ESP,25.0,15.5,25.0,2.0,2,1300,0,0,0,0,2,0
CF,FD025,38.662108,-9.056794,0,ESP,25.0,15.5,25.0,2.0,2,1300,0,0,0,0,2,0
CF,MS281,38.708228,-9.003581,0,CAS,101.0,17.0,281.0,3.0,1,710,0,0,0,0,3,0
CF,MS281,38.708228,-9.003581,0,CAS,101.0,17.0,281.0,3.0,1,710,0,0,0,0,3,0
CF,MD025,38.700478,-9.035931,0,ESP,25.0,18.0,25.0,2.5,1,560,0,0,0,0,3,0
CF,MD025,38.700478,-9.035931,0,ESP,25.0,18.0,25.0,2.5,1,560,0,0,0,0,3,0
CA,0,281.0,2,710,0,0,0,0,0,0
CA,0,281.0,2,710,0,0,0,0,0,0
CA,0,25.0,2,560,0,0,0,0,0,0
CA,0,25.0,2,560,0,0,0,0,0,0
DF,D032L,38.597453,-9.058108,2, ,0.0,0.0,1,2000,0,0,0,0,0,0
DF,D032L,38.597453,-9.058108,2, ,0.0,0.0,1,2000,0,0,0,0,0,0
DF,MAQTU,38.679444,-8.750833,1, ,0.0,0.0,1,2000,0,0,0,0,0,0
DF,MAQTU,38.679444,-8.750833,1, ,0.0,0.0,1,2000,0,0,0,0,0,0
HM,D032L,38.597453,-9.058108,1, ,0.0,0.0,212.0,02,0,0,0,1,110,0,0,0,0
HM,D032L,38.597453,-9.058108,1, ,0.0,0.0,212.0,02,0,0,0,1,110,0,0,0,0

APPTR,V07-A,07,D032L
IF,D032L,38.597453,-9.058108, ,0.0,0.0,1,3000,0,0,0,0,0,0
IF,D032L,38.597453,-9.058108, ,0.0,0.0,1,3000,0,0,0,0,0,0
HF,D032L,38.597453,-9.058108,1, ,0.0,0.0,212.0,02,2,2000,0,1,110,0,0,0,0
HF,D032L,38.597453,-9.058108,1, ,0.0,0.0,212.0,02,2,2000,0,1,110,0,0,0,0
TF,D025L,38.608386,-9.085969,0, ,0.0,0.0,0.0,0.0,2,2000,0,0,0,0,1,0
TF,D025L,38.608386,-9.085969,0, ,0.0,0.0,0.0,0.0,2,2000,0,0,0,0,1,0
CF,CD025,38.631411,-9.073472,0,ESP,25.0,13.5,25.0,1.5,2,1500,0,0,0,0,1,0
CF,CD025,38.631411,-9.073472,0,ESP,25.0,13.5,25.0,1.5,2,1500,0,0,0,0,1,0

APPTR,V07-A,07,MAQTU
IF,MAQTU,38.679444,-8.750833, ,0.0,0.0,2,2000,0,0,0,0,0,0
IF,MAQTU,38.679444,-8.750833, ,0.0,0.0,2,2000,0,0,0,0,0,0
CF,CS281,38.689014,-8.835039,0,CAS,101.0,25.0,281.0,4.0,2,1500,0,0,0,0,1,0
CF,CS281,38.689014,-8.835039,0,CAS,101.0,25.0,281.0,4.0,2,1500,0,0,0,0,1,0

FINAL,V07-A,07,D,12
IF,CS281,38.689014,-8.835039,CAS,101.0,25.0,2,1500,0,0,0,0,0,0
IF,CD025,38.631411,-9.073472,ESP,25.0,13.5,2,1500,0,0,0,0,0,0
IF,CS281,38.689014,-8.835039,CAS,101.0,25.0,2,1500,0,0,0,0,0,0
IF,CD025,38.631411,-9.073472,ESP,25.0,13.5,2,1500,0,0,0,0,0,0
CF,FD025,38.662108,-9.056794,0,ESP,25.0,15.5,25.0,2.0,2,1300,0,0,0,0,2,0
CF,FS281,38.701050,-8.940367,0,CAS,101.0,20.0,281.0,5.0,2,1000,0,0,0,0,2,0
CF,FS281,38.701050,-8.940367,0,CAS,101.0,20.0,281.0,5.0,2,1000,0,0,0,0,2,0
CF,FD025,38.662108,-9.056794,0,ESP,25.0,15.5,25.0,2.0,2,1300,0,0,0,0,2,0
CF,MD025,38.700478,-9.035931,0,ESP,25.0,18.0,25.0,2.5,1,560,0,0,0,0,3,0
CF,MS281,38.708228,-9.003581,0,CAS,101.0,17.0,281.0,3.0,1,710,0,0,0,0,3,0
CF,MS281,38.708228,-9.003581,0,CAS,101.0,17.0,281.0,3.0,1,710,0,0,0,0,3,0
CF,MD025,38.700478,-9.035931,0,ESP,25.0,18.0,25.0,2.5,1,560,0,0,0,0,3,0
CA,0,25.0,2,560,0,0,0,0,0,0
CA,0,281.0,2,710,0,0,0,0,0,0
CA,0,25.0,2,560,0,0,0,0,0,0
CA,0,281.0,2,710,0,0,0,0,0,0
DF,D032L,38.597453,-9.058108,2, ,0.0,0.0,1,2000,0,0,0,0,0,0
DF,MAQTU,38.679444,-8.750833,1, ,0.0,0.0,1,2000,0,0,0,0,0,0
DF,MAQTU,38.679444,-8.750833,1, ,0.0,0.0,1,2000,0,0,0,0,0,0
DF,D032L,38.597453,-9.058108,2, ,0.0,0.0,1,2000,0,0,0,0,0,0
HM,D032L,38.597453,-9.058108,1, ,0.0,0.0,212.0,02,0,0,0,1,110,0,0,0,0
HM,D032L,38.597453,-9.058108,1, ,0.0,0.0,212.0,02,0,0,0,1,110,0,0,0,0

APPTR,V19-A,19,D032L
IF,D032L,38.597453,-9.058108, ,0.0,0.0,1,3000,0,0,0,0,0,0
IF,D032L,38.597453,-9.058108, ,0.0,0.0,1,3000,0,0,0,0,0,0
HF,D032L,38.597453,-9.058108,1, ,0.0,0.0,212.0,02,2,2000,0,1,110,0,0,0,0
HF,D032L,38.597453,-9.058108,1, ,0.0,0.0,212.0,02,2,2000,0,1,110,0,0,0,0
TF,D025L,38.608386,-9.085969,0, ,0.0,0.0,0.0,0.0,2,2000,0,0,0,0,1,0
TF,D025L,38.608386,-9.085969,0, ,0.0,0.0,0.0,0.0,2,2000,0,0,0,0,1,0
CF,CD025,38.631411,-9.073472,0,ESP,25.0,13.5,25.0,1.5,2,1500,0,0,0,0,1,0
CF,CD025,38.631411,-9.073472,0,ESP,25.0,13.5,25.0,1.5,2,1500,0,0,0,0,1,0

APPTR,V19-A,19,MAQTU
IF,MAQTU,38.679444,-8.750833, ,0.0,0.0,2,2000,0,0,0,0,0,0
IF,MAQTU,38.679444,-8.750833, ,0.0,0.0,2,2000,0,0,0,0,0,0
CF,CS281,38.689014,-8.835039,0,CAS,101.0,25.0,281.0,4.0,2,1500,0,0,0,0,1,0
CF,CS281,38.689014,-8.835039,0,CAS,101.0,25.0,281.0,4.0,2,1500,0,0,0,0,1,0

FINAL,V19-A,19,D,12
IF,CD025,38.631411,-9.073472,ESP,25.0,13.5,2,1500,0,0,0,0,0,0
IF,CS281,38.689014,-8.835039,CAS,101.0,25.0,2,1500,0,0,0,0,0,0
IF,CS281,38.689014,-8.835039,CAS,101.0,25.0,2,1500,0,0,0,0,0,0
IF,CD025,38.631411,-9.073472,ESP,25.0,13.5,2,1500,0,0,0,0,0,0
CF,FS281,38.701050,-8.940367,0,CAS,101.0,20.0,281.0,5.0,2,1000,0,0,0,0,2,0
CF,FD025,38.662108,-9.056794,0,ESP,25.0,15.5,25.0,2.0,2,1300,0,0,0,0,2,0
CF,FD025,38.662108,-9.056794,0,ESP,25.0,15.5,25.0,2.0,2,1300,0,0,0,0,2,0
CF,FS281,38.701050,-8.940367,0,CAS,101.0,20.0,281.0,5.0,2,1000,0,0,0,0,2,0
CF,MD025,38.700478,-9.035931,0,ESP,25.0,18.0,25.0,2.5,1,560,0,0,0,0,3,0
CF,MS281,38.708228,-9.003581,0,CAS,101.0,17.0,281.0,3.0,1,710,0,0,0,0,3,0
CF,MS281,38.708228,-9.003581,0,CAS,101.0,17.0,281.0,3.0,1,710,0,0,0,0,3,0
CF,MD025,38.700478,-9.035931,0,ESP,25.0,18.0,25.0,2.5,1,560,0,0,0,0,3,0
CA,0,25.0,2,560,0,0,0,0,0,0
CA,0,281.0,2,710,0,0,0,0,0,0
CA,0,25.0,2,560,0,0,0,0,0,0
CA,0,281.0,2,710,0,0,0,0,0,0
DF,D032L,38.597453,-9.058108,2, ,0.0,0.0,1,2000,0,0,0,0,0,0
DF,D032L,38.597453,-9.058108,2, ,0.0,0.0,1,2000,0,0,0,0,0,0
DF,MAQTU,38.679444,-8.750833,1, ,0.0,0.0,1,2000,0,0,0,0,0,0
DF,MAQTU,38.679444,-8.750833,1, ,0.0,0.0,1,2000,0,0,0,0,0,0
HM,D032L,38.597453,-9.058108,1, ,0.0,0.0,212.0,02,0,0,0,1,110,0,0,0,0
HM,D032L,38.597453,-9.058108,1, ,0.0,0.0,212.0,02,0,0,0,1,110,0,0,0,0

APPTR,V25-A,25,D032L
IF,D032L,38.597453,-9.058108, ,0.0,0.0,1,3000,0,0,0,0,0,0
IF,D032L,38.597453,-9.058108, ,0.0,0.0,1,3000,0,0,0,0,0,0
HF,D032L,38.597453,-9.058108,1, ,0.0,0.0,212.0,02,2,2000,0,1,110,0,0,0,0
HF,D032L,38.597453,-9.058108,1, ,0.0,0.0,212.0,02,2,2000,0,1,110,0,0,0,0
TF,D025L,38.608386,-9.085969,0, ,0.0,0.0,0.0,0.0,2,2000,0,0,0,0,1,0
TF,D025L,38.608386,-9.085969,0, ,0.0,0.0,0.0,0.0,2,2000,0,0,0,0,1,0
CF,CD025,38.631411,-9.073472,0,ESP,25.0,13.5,25.0,1.5,2,1500,0,0,0,0,1,0
CF,CD025,38.631411,-9.073472,0,ESP,25.0,13.5,25.0,1.5,2,1500,0,0,0,0,1,0

APPTR,V25-A,25,MAQTU
IF,MAQTU,38.679444,-8.750833, ,0.0,0.0,2,2000,0,0,0,0,0,0
IF,MAQTU,38.679444,-8.750833, ,0.0,0.0,2,2000,0,0,0,0,0,0
CF,CS281,38.689014,-8.835039,0,CAS,101.0,25.0,281.0,4.0,2,1500,0,0,0,0,1,0
CF,CS281,38.689014,-8.835039,0,CAS,101.0,25.0,281.0,4.0,2,1500,0,0,0,0,1,0

FINAL,V25-A,25,D,12
IF,CD025,38.631411,-9.073472,ESP,25.0,13.5,2,1500,0,0,0,0,0,0
IF,CS281,38.689014,-8.835039,CAS,101.0,25.0,2,1500,0,0,0,0,0,0
IF,CD025,38.631411,-9.073472,ESP,25.0,13.5,2,1500,0,0,0,0,0,0
IF,CS281,38.689014,-8.835039,CAS,101.0,25.0,2,1500,0,0,0,0,0,0
CF,FS281,38.701050,-8.940367,0,CAS,101.0,20.0,281.0,5.0,2,1000,0,0,0,0,2,0
CF,FD025,38.662108,-9.056794,0,ESP,25.0,15.5,25.0,2.0,2,1300,0,0,0,0,2,0
CF,FS281,38.701050,-8.940367,0,CAS,101.0,20.0,281.0,5.0,2,1000,0,0,0,0,2,0
CF,FD025,38.662108,-9.056794,0,ESP,25.0,15.5,25.0,2.0,2,1300,0,0,0,0,2,0
CF,MS281,38.708228,-9.003581,0,CAS,101.0,17.0,281.0,3.0,1,710,0,0,0,0,3,0
CF,MD025,38.700478,-9.035931,0,ESP,25.0,18.0,25.0,2.5,1,560,0,0,0,0,3,0
CF,MS281,38.708228,-9.003581,0,CAS,101.0,17.0,281.0,3.0,1,710,0,0,0,0,3,0
CF,MD025,38.700478,-9.035931,0,ESP,25.0,18.0,25.0,2.5,1,560,0,0,0,0,3,0
CA,0,25.0,2,560,0,0,0,0,0,0
CA,0,281.0,2,710,0,0,0,0,0,0
CA,0,25.0,2,560,0,0,0,0,0,0
CA,0,281.0,2,710,0,0,0,0,0,0
DF,MAQTU,38.679444,-8.750833,1, ,0.0,0.0,1,2000,0,0,0,0,0,0
DF,D032L,38.597453,-9.058108,2, ,0.0,0.0,1,2000,0,0,0,0,0,0
DF,D032L,38.597453,-9.058108,2, ,0.0,0.0,1,2000,0,0,0,0,0,0
DF,MAQTU,38.679444,-8.750833,1, ,0.0,0.0,1,2000,0,0,0,0,0,0
HM,D032L,38.597453,-9.058108,1, ,0.0,0.0,212.0,02,0,0,0,1,110,0,0,0,0
HM,D032L,38.597453,-9.058108,1, ,0.0,0.0,212.0,02,0,0,0,1,110,0,0,0,0

