SID,GAFK14,14,2
DF,DER14,38.825292,-9.332419,0, ,0.0,0.0,0,0,0,0,0,0,0,1
CA,0,137.0,2,1100,0,0,0,0,0,0
CI,1, ,0.0,327.0,0,0,0,1,120,0,0,0
CF,D357O,39.078653,-9.363003,0,LIS,322.8,14.8,357.0,8.0,3,3000,0,0,0,0,0,0
TF,D357Z,39.261683,-9.379914,0, ,0.0,0.0,0.0,0.0,0,0,0,0,0,0,0,0
CI,0, ,0.0,357.0,0,0,0,1,170,0,0,0
AF,GAFKA,39.280556,-9.175278,2,SRA,16.8,28.1,357.0,2,5000,0,0,0,0,0,0

SID,GAFK32,32,2
CD, ,0,0,0,SRA,0,0.0,317.0,4.0,0,0,0,0,0,0,0,0
CI,0, ,0.0,27.0,0,0,0,1,170,0,0,0
CF,D357O,39.078653,-9.363003,0,LIS,322.8,14.8,357.0,7.0,3,3000,0,0,0,0,0,0
TF,D357Z,39.261683,-9.379914,0, ,0.0,0.0,0.0,0.0,0,0,0,0,0,0,0,0
CI,0, ,0.0,357.0,0,0,0,1,170,0,0,0
AF,GAFKA,39.280556,-9.175278,2,SRA,16.8,28.1,357.0,2,5000,0,0,0,0,0,0

SID,IDWI14,14,2
DF,DER14,38.825292,-9.332419,0, ,0.0,0.0,0,0,0,0,0,0,0,1
CA,0,137.0,2,1100,0,0,0,0,0,0
DF,D318C,38.865650,-9.383742,1, ,0.0,0.0,3,3000,0,1,120,0,0,0
TF,D318G,38.914417,-9.442025,0, ,0.0,0.0,0.0,0.0,0,0,0,0,0,0,0,1
VI,1, ,0.0,192.0,0,0,0,1,200,0,0,0
CF,IDWIZ,38.770278,-9.495556,0,ESP,327.0,25.4,147.0,5.0,2,5000,0,0,0,0,0,0

SID,IDWI32,32,2
CD, ,0,0,0,SRA,0,0.0,317.0,3.0,3,3000,0,0,0,0,0,0
CD, ,0,0,0,SRA,0,0.0,317.0,7.0,0,0,0,0,0,0,0,0
VI,1, ,0.0,192.0,0,0,0,1,200,0,0,0
CF,IDWIZ,38.770278,-9.495556,0,ESP,327.0,25.4,147.0,5.0,2,5000,0,0,0,0,0,0

SID,MOSH14,14,2
DF,DER14,38.825292,-9.332419,0, ,0.0,0.0,0,0,0,0,0,0,0,1
CA,0,137.0,2,1100,0,0,0,0,0,0
DF,D317C,38.865047,-9.384553,1, ,0.0,0.0,3,3000,0,1,120,0,0,0
TF,D317I,38.936983,-9.473625,0, ,0.0,0.0,0.0,0.0,0,0,0,0,0,0,0,1
DF,MOSHU,38.863333,-9.380278,1, ,0.0,0.0,2,5000,0,1,200,0,0,0

SID,MOSH32,32,2
CD, ,0,0,0,SRA,0,0.0,317.0,3.0,3,3000,0,0,0,0,0,0
CD, ,0,0,0,SRA,0,0.0,317.0,9.0,0,0,0,0,0,0,0,0
DF,MOSHU,38.863333,-9.380278,1, ,0.0,0.0,2,5000,0,1,200,0,0,0

SID,NAPZ14,14,2
DF,DER14,38.825292,-9.332419,0, ,0.0,0.0,0,0,0,0,0,0,0,1
CA,0,137.0,2,1100,0,0,0,0,0,0
CI,1, ,0.0,228.0,0,0,0,1,120,0,0,0
CF,D273C,38.830872,-9.404025,0,LIS,255.3,11.8,273.0,2.0,3,3000,0,0,0,0,0,0
TF,NAPZA,38.840556,-9.767778,0, ,0.0,0.0,0.0,0.0,2,5000,0,0,0,0,0,0

SID,NAPZ32,32,2
CD, ,0,0,0,SRA,0,0.0,317.0,3.0,3,3000,0,0,0,0,0,0
CD, ,0,0,0,SRA,0,0.0,317.0,4.0,0,0,0,0,0,0,0,0
CI,0, ,0.0,243.0,0,0,0,1,260,0,0,0
CF,NAPZA,38.840556,-9.767778,0,LIS,266.5,28.5,273.0,10.0,2,5000,0,0,0,0,0,0

SID,PEKO14,14,2
DF,DER14,38.825292,-9.332419,0, ,0.0,0.0,0,0,0,0,0,0,0,1
CA,0,137.0,2,1100,0,0,0,0,0,0
CI,1, ,0.0,327.0,0,0,0,1,120,0,0,0
CF,D357O,39.078653,-9.363003,0,LIS,322.8,14.8,357.0,8.0,3,3000,0,0,0,0,0,0
TF,PEKOV,39.361389,-9.389167,0, ,0.0,0.0,0.0,0.0,2,5000,0,0,0,0,0,0

SID,PEKO32,32,2
CD, ,0,0,0,SRA,0,0.0,317.0,4.0,0,0,0,0,0,0,0,0
CI,0, ,0.0,27.0,0,0,0,1,170,0,0,0
CF,D357O,39.078653,-9.363003,0,LIS,322.8,14.8,357.0,7.0,3,3000,0,0,0,0,0,0
TF,PEKOV,39.361389,-9.389167,0, ,0.0,0.0,0.0,0.0,2,5000,0,0,0,0,0,0

APPTR,D14,14,BECOH
IF,BECOH,38.934444,-9.404167, ,0.0,0.0,2,2000,0,0,0,0,0,0
AF,CF14,38.918472,-9.436169,1,SRA,321.0,7.0,336.0,2,1600,0,0,0,0,1,0

FINAL,D14,14,D,3
IF,CF14,38.918472,-9.436169,SRA,321.0,7.0,2,1600,0,0,0,0,0,0
CF,FF14,38.867386,-9.381233,0,SRA,321.0,3.0,141.0,4.0,2,1300,0,0,0,0,2,0
CF,RW14,38.836856,-9.346967,0,SRA,326.4,0.6,141.0,2.4,1,468,0,0,0,0,3,0
CF,SRA,38.829056,-9.340083,0,SRA,0.0,0.0,141.0,0.6,0,0,0,0,0,0,0,0
FA,SRA,38.829056,-9.340083,0,SRA,0.0,0.0,141.0,2,1200,0,0,0,0,0,0
DF,BECOH,38.934444,-9.404167,1, ,0.0,0.0,1,2000,0,0,0,0,0,0

APPTR,D14-W,14,ATMOH
IF,ATMOH,39.006667,-9.534167, ,0.0,0.0,2,3000,0,0,0,0,0,0
TF,CF14W,38.969533,-9.491183,0, ,0.0,0.0,0.0,0.0,2,2200,0,0,0,0,1,0

FINAL,D14-W,14,D,3
IF,CF14W,38.969533,-9.491183,SRA,321.0,11.0,2,2200,0,0,0,0,0,0
CF,FF14W,38.899319,-9.415558,0,SRA,321.0,5.5,141.0,5.5,2,2200,0,0,0,0,2,0
CF,MA14W,38.861000,-9.374372,0,SRA,321.0,2.5,141.0,3.0,1,1126,0,0,0,0,3,0
CF,SRA,38.829056,-9.340083,0,SRA,0.0,0.0,141.0,2.5,0,0,0,0,0,0,0,0
FA,SRA,38.829056,-9.340083,0,SRA,0.0,0.0,141.0,2,1300,0,0,0,0,0,0
DF,ATMOH,39.006667,-9.534167,2, ,0.0,0.0,1,3000,0,1,160,0,0,0

APPTR,D14-Y,14,SAKEH
IF,SAKEH,38.990000,-9.396944, ,0.0,0.0,2,3000,0,0,0,0,0,0
AF,CF14Y,38.956772,-9.477422,1,SRA,321.0,10.0,346.0,2,2300,0,0,0,0,1,0

FINAL,D14-Y,14,D,3
IF,CF14Y,38.956772,-9.477422,SRA,321.0,10.0,2,2300,0,0,0,0,0,0
CF,FF14Y,38.883992,-9.399078,0,SRA,321.0,4.3,141.0,5.7,2,1800,0,0,0,0,2,0
CF,MA14Y,38.845667,-9.357908,0,SRA,321.0,1.3,141.0,3.0,1,718,0,0,0,0,3,0
CF,SRA,38.829056,-9.340083,0,SRA,0.0,0.0,141.0,1.3,0,0,0,0,0,0,0,0
FA,SRA,38.829056,-9.340083,0,SRA,0.0,0.0,141.0,2,1200,0,0,0,0,0,0
DF,SAKEH,38.990000,-9.396944,1, ,0.0,0.0,1,3000,0,1,130,0,0,0

APPTR,T14,14,BECOH
IF,BECOH,38.934444,-9.404167, ,0.0,0.0,2,2000,0,0,0,0,0,0
AF,CF14,38.918472,-9.436169,1,SRA,321.0,7.0,336.0,2,1600,0,0,0,0,1,0

FINAL,T14,14,D,3
IF,CF14,38.918472,-9.436169,SRA,321.0,7.0,2,1600,0,0,0,0,0,0
CF,FF14,38.867386,-9.381233,0,SRA,321.0,3.0,141.0,4.0,2,1300,0,0,0,0,2,0
CF,RW14,38.836856,-9.346967,0,SRA,326.4,0.6,141.0,2.4,1,468,0,0,0,0,3,0
CF,SRA,38.829056,-9.340083,0,SRA,0.0,0.0,141.0,0.6,0,0,0,0,0,0,0,0
FA,SRA,38.829056,-9.340083,0,SRA,0.0,0.0,141.0,2,1200,0,0,0,0,0,0
DF,BECOH,38.934444,-9.404167,1, ,0.0,0.0,1,2000,0,0,0,0,0,0

APPTR,T14-W,14,ATMOH
IF,ATMOH,39.006667,-9.534167, ,0.0,0.0,2,3000,0,0,0,0,0,0
TF,CF14W,38.969533,-9.491183,0, ,0.0,0.0,0.0,0.0,2,2200,0,0,0,0,1,0

FINAL,T14-W,14,D,3
IF,CF14W,38.969533,-9.491183,SRA,321.0,11.0,2,2200,0,0,0,0,0,0
CF,FF14W,38.899319,-9.415558,0,SRA,321.0,5.5,141.0,5.5,2,2200,0,0,0,0,2,0
CF,MA14W,38.861000,-9.374372,0,SRA,321.0,2.5,141.0,3.0,1,1126,0,0,0,0,3,0
CF,SRA,38.829056,-9.340083,0,SRA,0.0,0.0,141.0,2.5,0,0,0,0,0,0,0,0
FA,SRA,38.829056,-9.340083,0,SRA,0.0,0.0,141.0,2,1300,0,0,0,0,0,0
DF,ATMOH,39.006667,-9.534167,2, ,0.0,0.0,1,3000,0,1,160,0,0,0

APPTR,T14-Y,14,SAKEH
IF,SAKEH,38.990000,-9.396944, ,0.0,0.0,2,3000,0,0,0,0,0,0
AF,CF14Y,38.956772,-9.477422,1,SRA,321.0,10.0,346.0,2,2300,0,0,0,0,1,0

FINAL,T14-Y,14,D,3
IF,CF14Y,38.956772,-9.477422,SRA,321.0,10.0,2,2300,0,0,0,0,0,0
CF,FF14Y,38.883992,-9.399078,0,SRA,321.0,4.3,141.0,5.7,2,1800,0,0,0,0,2,0
CF,MA14Y,38.845667,-9.357908,0,SRA,321.0,1.3,141.0,3.0,1,718,0,0,0,0,3,0
CF,SRA,38.829056,-9.340083,0,SRA,0.0,0.0,141.0,1.3,0,0,0,0,0,0,0,0
FA,SRA,38.829056,-9.340083,0,SRA,0.0,0.0,141.0,2,1200,0,0,0,0,0,0
DF,SAKEH,38.990000,-9.396944,1, ,0.0,0.0,1,3000,0,1,130,0,0,0

