SID,KEC2,15,4
VA,0,149.0,2,2100,0,0,0,0,0,0
DF,KEC,33.447742,135.794494,0, ,0.0,0.0,0,0,0,0,0,0,0,0

SID,KEC2,33,4
VA,0,329.0,2,800,0,0,0,0,0,0
DF,BD300,33.595833,135.273444,1, ,0.0,0.0,0,0,0,0,0,0,0,0
TF,BD301,33.556889,135.411417,0, ,0.0,0.0,0.0,0.0,2,5000,0,0,0,0,0,0
TF,KEC,33.447742,135.794494,0, ,0.0,0.0,0.0,0.0,0,0,0,0,0,0,0,0

SID,NKE3R,15,1
VA,0,148.0,2,800,0,0,0,0,0,0
VD, ,0,0,0,NKE,0.0,0.0,163.0,4.0,0,0,0,0,0,0,0,0
DF,NKE,33.661264,135.359414,2, ,0.0,0.0,2,4000,0,0,0,0,0,0

SID,NKE3R,33,1
VA,0,328.0,2,1500,0,0,0,0,0,0
DF,NKE,33.661264,135.359414,1, ,0.0,0.0,2,4000,0,0,0,0,0,0

STAR,RAYJON,15,5
IF,RAYJO,33.829994,136.146264, ,0.0,0.0,0,0,0,0,0,0,0,0
TF,ESBAK,33.818328,135.632933,0, ,0.0,0.0,0.0,0.0,2,7000,0,0,0,0,0,0

STAR,RAYJOS,33,5
IF,RAYJO,33.829994,136.146264, ,0.0,0.0,0,0,0,0,0,0,0,0
TF,MUROH,33.677944,135.810142,0, ,0.0,0.0,0.0,0.0,2,7000,0,0,0,0,0,0

APPTR,D15,15,NKE
IF,NKE,33.661264,135.359414, ,0.0,0.0,2,4000,0,0,0,0,0,0
FD,NKE,33.661264,135.359414,0,NKE,0.0,9.0,319.0,9.0,0,0,0,1,200,0,0,0
CF,D339J,33.801747,135.271253,2,NKE,339.4,9.5,159.0,1.0,2,2400,0,0,0,0,0,0
CF,HAYAH,33.727119,135.318128,0,NKE,339.4,4.5,159.0,5.0,2,1621,0,0,0,0,0,0

FINAL,D15,15,D,2
IF,HAYAH,33.727119,135.318128,NKE,339.4,4.5,2,1621,0,0,0,0,2,0
CF,MS15,33.683450,135.345511,0,NKE,339.4,1.5,159.0,3.0,1,680,0,0,0,0,3,0
CA,0,159.0,2,800,0,0,0,0,0,0
FD,NKE,33.661264,135.359414,0,NKE,0.0,3.0,159.0,3.0,0,0,0,0,0,0,0,0
DF,NKE,33.661264,135.359414,2, ,0.0,0.0,1,4000,0,0,0,0,0,0
HM,NKE,33.661264,135.359414,1, ,0.0,0.0,305.0,04.3,2,4000,0,1,230,0,0,0,0

APPTR,D33,33,NKE
IF,NKE,33.661264,135.359414, ,0.0,0.0,2,3000,0,0,0,0,0,0
FD,NKE,33.661264,135.359414,0,NKE,0.0,6.1,146.0,6.1,0,0,0,1,100,0,0,0
CF,CF33,33.598339,135.455158,1,NKE,135.1,6.1,315.0,1.0,2,2900,0,0,0,0,0,0

FINAL,D33,33,D,4
IF,CF33,33.598339,135.455158,NKE,135.1,6.1,2,2900,0,0,0,0,0,0
CF,VENEK,33.619244,135.423378,0,NKE,135.1,4.1,315.0,2.0,2,2331,0,0,0,0,2,0
CF,31VOR,33.629294,135.408086,0,NKE,135.1,3.1,315.0,1.0,2,1735,0,0,0,0,0,0
CF,MA33,33.649922,135.376689,0,NKE,135.1,1.1,315.0,2.0,1,571,0,0,0,0,3,0
CF,NKE,33.661264,135.359414,0,NKE,0.0,0.0,315.0,1.1,0,0,0,0,0,0,0,0
FD,NKE,33.661264,135.359414,0,NKE,0.0,3.0,315.0,3.0,0,0,0,0,0,0,0,0
DF,NKE,33.661264,135.359414,1, ,0.0,0.0,1,3000,0,0,0,0,0,0
HM,NKE,33.661264,135.359414,1, ,0.0,0.0,176.0,04.3,2,3000,0,1,100,0,0,0,0

APPTR,L15,15,NKE
IF,NKE,33.661264,135.359414,NKE,0.0,0.0,2,4000,0,0,0,0,0,0
FD,NKE,33.661264,135.359414,0,NKE,0.0,8.0,305.0,8.0,0,0,0,1,200,0,0,0
CF,CF15,33.765714,135.259775,2,INK,326.5,8.7,146.0,1.0,2,1900,0,0,0,0,0,0

FINAL,L15,15,D,3
IF,CF15,33.765714,135.259775,INK,326.5,8.7,2,1900,0,0,0,0,0,0
CF,ENGEZ,33.720369,135.306178,0,INK,326.5,5.1,146.0,3.6,2,1621,0,0,0,0,2,0
CF,ML15,33.681847,135.345542,0,INK,326.5,2.1,146.0,3.0,1,657,0,0,0,0,3,0
FD,ML15,33.681847,135.345542,0,NKE,337.6,3.0,146.0,3.0,0,0,0,0,0,0,0,0
DF,NKE,33.661264,135.359414,2, ,0.0,0.0,1,4000,0,0,0,0,0,0
HM,NKE,33.661264,135.359414,1, ,0.0,0.0,305.0,04.3,2,4000,0,1,230,0,0,0,0

APPTR,L15-Y,15,NKE
IF,NKE,33.661264,135.359414, ,0.0,0.0,2,3000,0,0,0,0,0,0
FD,NKE,33.661264,135.359414,0,NKE,0.0,5.1,316.0,5.1,0,0,0,1,100,0,0,0
CF,CL15Y,33.728861,135.297492,2,INK,326.5,5.8,146.0,1.0,2,1600,0,0,0,0,0,0

FINAL,L15-Y,15,D,3
IF,CL15Y,33.728861,135.297492,INK,326.5,5.8,2,1600,0,0,0,0,0,0
CF,TEPAK,33.702992,135.323942,0,INK,326.5,3.8,146.0,2.0,2,1171,0,0,0,0,2,0
CF,ML15Y,33.678075,135.349392,0,INK,326.5,1.8,146.0,2.0,1,562,0,0,0,0,3,0
VD, ,0,0,0,NKE,0.0,0.0,146.0,3.0,0,0,0,0,0,0,0,0
DF,NKE,33.661264,135.359414,2, ,0.0,0.0,1,3000,0,0,0,0,0,0
HM,NKE,33.661264,135.359414,1, ,0.0,0.0,305.0,04.3,2,3000,0,1,100,0,0,0,0

APPTR,R15-Y,15,ESBAK
IF,ESBAK,33.818328,135.632933, ,0.0,0.0,2,7000,0,0,0,0,1,0
TF,BD559,33.815806,135.532925,0, ,0.0,0.0,0.0,0.0,2,4100,0,0,0,0,0,0
TF,BD550,33.812628,135.411319,0, ,0.0,0.0,0.0,0.0,2,3800,0,0,0,0,0,0
TF,BD551,33.809925,135.311322,0, ,0.0,0.0,0.0,0.0,2,2900,0,0,0,0,0,0
TF,BD552,33.773075,135.256964,0, ,0.0,0.0,0.0,0.0,2,2300,0,1,185,0,1,0

FINAL,R15-Y,15,R,3
IF,BD552,33.773075,135.256964, ,0.0,0.0,2,2300,0,1,185,0,0,0
TF,GALAS,33.721206,135.307381,0, ,0.0,0.0,149.0,4.0,2,1621,0,0,0,0,2,0
TF,RW15,33.669317,135.357736,0, ,0.0,0.0,149.0,4.0,1,348,0,0,0,0,3,1
DF,BD560,33.630386,135.395464,0, ,0.0,0.0,0,0,0,0,0,0,0,0
TF,KISEI,33.467822,135.328892,0, ,0.0,0.0,0.0,0.0,1,4000,0,0,0,0,0,0
HM,KISEI,33.467822,135.328892,1, ,0.0,0.0,15.0,04.3,2,4000,0,1,230,0,0,0,0

FINAL,R15-Z,15,R,5
IF,ESBAK,33.818328,135.632933, ,0.0,0.0,2,7000,0,0,0,0,0,0
TF,PIDOD,33.785744,135.439983,0, ,0.0,0.0,266.0,9.8,1,4000,0,0,0,0,2,0
TF,BD555,33.774247,135.372369,0, ,0.0,0.0,266.0,3.4,1,2902,0,0,0,0,0,0
RF,BD556,33.690339,135.337344,1,BDRF1,147.5,3.1,1,863,0,0,0,0,0,0
TF,RW15,33.669317,135.357736,0, ,0.0,0.0,149.0,1.6,1,348,0,0,0,0,3,1
TF,BD557,33.661531,135.365283,0, ,0.0,0.0,0.0,0.0,0,0,0,0,0,0,0,0
RF,BD558,33.606467,135.378314,2,BDRF2,203.0,3.6,0,0,0,0,0,0,0,0
TF,KISEI,33.467822,135.328892,0, ,0.0,0.0,0.0,0.0,1,4000,0,0,0,0,0,0
HM,KISEI,33.467822,135.328892,1, ,0.0,0.0,15.0,04.3,2,4000,0,1,230,0,0,0,0

APPTR,R33-Y,33,MUROH
IF,MUROH,33.677944,135.810142, ,0.0,0.0,2,7000,0,0,0,0,1,0
TF,BD350,33.557989,135.547225,0, ,0.0,0.0,0.0,0.0,2,3400,0,0,0,0,0,0
TF,BD351,33.529917,135.485981,0, ,0.0,0.0,0.0,0.0,2,2600,0,1,185,0,1,0

FINAL,R33-Y,33,R,5
IF,BD351,33.529917,135.485981, ,0.0,0.0,2,2600,0,1,185,0,0,0
TF,PANDA,33.569206,135.421439,0, ,0.0,0.0,314.0,4.0,2,2156,0,0,0,0,2,0
TF,BD352,33.599739,135.405242,0, ,0.0,0.0,344.0,2.0,2,1519,0,0,0,0,0,0
TF,BD353,33.622611,135.393017,0, ,0.0,0.0,344.0,1.5,2,1041,0,0,0,0,0,0
TF,BD354,33.645500,135.380822,0, ,0.0,0.0,344.0,1.5,1,559,0,0,0,0,3,1
CA,0,344.0,2,800,0,0,0,0,0,0
DF,KISEI,33.467822,135.328892,1, ,0.0,0.0,1,4000,0,0,0,0,0,0
HM,KISEI,33.467822,135.328892,1, ,0.0,0.0,15.0,04.3,2,4000,0,1,230,0,0,0,0

FINAL,R33-Z,33,R,7
IF,MUROH,33.677944,135.810142, ,0.0,0.0,2,7000,0,0,0,0,0,0
TF,TODAP,33.570367,135.482725,0, ,0.0,0.0,256.0,17.6,1,3500,0,0,0,0,2,0
TF,BD355,33.560461,135.452744,0, ,0.0,0.0,256.0,1.6,1,2985,0,0,0,0,0,0
RF,BD356,33.600253,135.391803,2,BDRF3,13.8,2.3,1,1499,0,0,0,0,0,0
TF,BD357,33.619997,135.394894,0, ,0.0,0.0,15.0,1.2,1,1119,0,1,150,0,0,0
RF,BD358,33.636847,135.389206,1,BDRF4,327.5,1.3,1,776,0,0,0,0,0,0
TF,RW33,33.655308,135.371317,0, ,0.0,0.0,329.0,1.4,1,324,0,0,0,0,3,1
TF,BD359,33.670183,135.356894,0, ,0.0,0.0,0.0,0.0,0,0,0,0,0,0,0,0
RF,BD360,33.590533,135.229017,1,BDRF5,152.2,4.0,0,0,0,0,0,0,0,0
TF,KISEI,33.467822,135.328892,0, ,0.0,0.0,0.0,0.0,1,4000,0,0,0,0,0,0
HM,KISEI,33.467822,135.328892,1, ,0.0,0.0,15.0,04.3,2,4000,0,1,230,0,0,0,0

APPTR,V15-A,15,NKE
IF,NKE,33.661264,135.359414, ,0.0,0.0,2,4000,0,0,0,0,0,0
FD,NKE,33.661264,135.359414,0,NKE,0.0,11.0,207.0,11.0,0,0,0,1,200,0,0,0
CF,D190K,33.477864,135.347381,1,NKE,190.2,11.0,10.0,1.0,2,1500,0,0,0,0,0,0
CF,SANDN,33.561192,135.352842,0,NKE,190.2,6.0,10.0,5.0,2,1200,0,0,0,0,0,0

FINAL,V15-A,15,D,2
IF,SANDN,33.561192,135.352842,NKE,190.2,6.0,2,1200,0,0,0,0,2,0
CF,MA010,33.644589,135.358317,0,NKE,190.2,1.0,10.0,5.0,1,1150,0,0,0,0,3,0
CF,NKE,33.661264,135.359414,0,NKE,0.0,0.0,10.0,1.0,0,0,0,0,0,0,0,0
FD,NKE,33.661264,135.359414,0,NKE,0.0,3.0,10.0,3.0,0,0,0,0,0,0,0,0
DF,NKE,33.661264,135.359414,1, ,0.0,0.0,1,4000,0,0,0,0,0,0
HM,NKE,33.661264,135.359414,2, ,0.0,0.0,207.0,04.3,2,4000,0,1,230,0,0,0,0

APPTR,V33-A,33,NKE
IF,NKE,33.661264,135.359414, ,0.0,0.0,2,4000,0,0,0,0,0,0
FD,NKE,33.661264,135.359414,0,NKE,0.0,11.0,207.0,11.0,0,0,0,1,200,0,0,0
CF,D190K,33.477864,135.347381,1,NKE,190.2,11.0,10.0,1.0,2,1500,0,0,0,0,0,0
CF,SANDN,33.561192,135.352842,0,NKE,190.2,6.0,10.0,5.0,2,1200,0,0,0,0,0,0

FINAL,V33-A,33,D,2
IF,SANDN,33.561192,135.352842,NKE,190.2,6.0,2,1200,0,0,0,0,2,0
CF,MA010,33.644589,135.358317,0,NKE,190.2,1.0,10.0,5.0,1,1150,0,0,0,0,3,0
CF,NKE,33.661264,135.359414,0,NKE,0.0,0.0,10.0,1.0,0,0,0,0,0,0,0,0
FD,NKE,33.661264,135.359414,0,NKE,0.0,3.0,10.0,3.0,0,0,0,0,0,0,0,0
DF,NKE,33.661264,135.359414,1, ,0.0,0.0,1,4000,0,0,0,0,0,0
HM,NKE,33.661264,135.359414,2, ,0.0,0.0,207.0,04.3,2,4000,0,1,230,0,0,0,0

