SID,ADDAN8,06,1
CA,0,59.0,2,750,0,0,0,0,0,0
CF,WOBUM,26.324883,127.958911,0,NFO,77.9,12.1,78.0,11.0,2,2000,0,0,0,0,0,0
TF,HATAX,26.387997,128.019731,0, ,0.0,0.0,0.0,0.0,2,3000,0,1,250,0,0,0
TF,ADDAN,26.686111,128.308178,0, ,0.0,0.0,0.0,0.0,0,0,0,0,0,0,0,0

SID,ADDAN8,24,1
VA,0,239.0,2,800,0,0,0,0,0,0
DF,TIT,26.160667,127.801089,1, ,0.0,0.0,1,2000,0,1,250,0,0,0
TF,TIT11,26.299631,127.934603,0, ,0.0,0.0,0.0,0.0,0,0,0,0,0,0,0,0
TF,WOBUM,26.324883,127.958911,0, ,0.0,0.0,0.0,0.0,0,0,0,0,0,0,0,0
TF,HATAX,26.387997,128.019731,0, ,0.0,0.0,0.0,0.0,2,3000,0,0,0,0,0,0
TF,ADDAN,26.686111,128.308178,0, ,0.0,0.0,0.0,0.0,0,0,0,0,0,0,0,0

SID,ADDAN8,CHERY,3
IF,ADDAN,26.686111,128.308178, ,0.0,0.0,0,0,0,0,0,0,0,0
TF,CHERY,26.932322,128.655022,0, ,0.0,0.0,0.0,0.0,2,9000,0,0,0,0,0,0

SID,ADDAN8,PACFC,3
IF,ADDAN,26.686111,128.308178, ,0.0,0.0,0,0,0,0,0,0,0,0
TF,BASHO,27.065900,128.844331,0, ,0.0,0.0,0.0,0.0,2,11000,0,0,0,0,0,0
TF,ALT75,27.312917,128.975433,0, ,0.0,0.0,0.0,0.0,0,0,0,0,0,0,0,0
TF,TAMAK,27.531408,129.098189,0, ,0.0,0.0,0.0,0.0,0,0,0,0,0,0,0,0
TF,ALT,28.443472,129.583400,0, ,0.0,0.0,0.0,0.0,0,0,0,0,0,0,0,0

SID,TIT9,06,1
VA,0,59.0,2,800,0,0,0,0,0,0
DF,TIT,26.160667,127.801089,2, ,0.0,0.0,1,2000,0,0,0,0,0,0

SID,TIT9,24,1
VA,0,239.0,2,800,0,0,0,0,0,0
DF,TIT,26.160667,127.801089,1, ,0.0,0.0,1,2000,0,1,270,0,0,0

SID,TIT9,NANJO,3
IF,TIT,26.160667,127.801089, ,0.0,0.0,1,2000,0,0,0,0,0,0
TF,NANJO,26.127631,128.286058,0, ,0.0,0.0,0.0,0.0,0,0,0,0,0,0,0,0
TF,BUICK,26.068269,128.743494,0, ,0.0,0.0,0.0,0.0,0,0,0,0,0,0,0,0
TF,TOPAT,25.972689,129.456797,0, ,0.0,0.0,0.0,0.0,2,18000,0,0,0,0,0,0

SID,TIT9,SAKON,3
IF,TIT,26.160667,127.801089, ,0.0,0.0,1,2000,0,0,0,0,0,0
TF,SAKON,24.120897,126.698172,0, ,0.0,0.0,0.0,0.0,2,24000,0,0,0,0,0,0

SID,TIT9,TEBEK,3
IF,TIT,26.160667,127.801089, ,0.0,0.0,1,2000,0,0,0,0,0,0
TF,TEBEK,25.158572,126.825647,0, ,0.0,0.0,0.0,0.0,0,0,0,0,0,0,0,0

APPTR,D06,06,FUUSE
IF,FUUSE,26.119050,127.485922, ,0.0,0.0,2,3000,0,0,0,0,1,0
TF,WIPKI,26.154786,127.548536,0, ,0.0,0.0,0.0,0.0,2,3000,0,0,0,0,1,0

APPTR,D06,06,HILIN
IF,HILIN,26.296833,127.799794, ,0.0,0.0,2,3000,0,0,0,0,1,0
AF,HIKNI,26.179417,127.825142,2,NHC,105.0,10.0,63.0,2,3000,0,0,0,0,0,0
AF,FUUSE,26.119050,127.485922,2,NHC,242.8,10.0,105.0,0,0,0,0,0,0,0,0
TF,WIPKI,26.154786,127.548536,0, ,0.0,0.0,0.0,0.0,2,3000,0,0,0,0,1,0

FINAL,D06,06,D,3
IF,WIPKI,26.154786,127.548536,NHC,242.8,6.0,2,3000,0,0,0,0,0,0
CF,NHC,26.208531,127.642867,0,NHC,0.0,0.0,63.0,6.0,2,2500,0,0,0,0,2,0
CF,WODBA,26.261825,127.736600,0,NHC,62.8,6.0,63.0,6.0,1,480,0,0,0,0,3,0
CA,0,63.0,2,750,0,0,0,0,0,0
DF,HILIN,26.296833,127.799794,0, ,0.0,0.0,0,0,0,0,0,0,0,0
AF,HIKNI,26.179417,127.825142,2,NHC,105.0,10.0,63.0,2,3000,0,0,0,0,0,0
AF,FUUSE,26.119050,127.485922,2,NHC,242.8,10.0,105.0,2,3000,0,0,0,0,0,0
HM,FUUSE,26.119050,127.485922,2, ,0.0,0.0,63.0,04,3,6000,0,1,230,0,0,0,0

APPTR,R06,06,CWBOY
HF,CWBOY,26.168264,127.588939,2, ,0.0,0.0,59.0,04,2,3000,0,1,230,0,1,0,0

FINAL,R06,06,R,3
IF,CWBOY,26.168264,127.588939, ,0.0,0.0,2,3000,0,0,0,0,0,0
TF,BMPER,26.213856,127.660922,0, ,0.0,0.0,59.0,4.8,2,2200,0,0,0,0,2,0
TF,RW06,26.267164,127.745250,0, ,0.0,0.0,59.0,5.6,1,289,0,0,0,0,3,1
CA,0,59.0,2,648,0,0,0,0,0,0
DF,KKOLB,26.130264,127.846597,2, ,0.0,0.0,2,3000,0,0,0,0,0,1
HM,KKOLB,26.130264,127.846597,2, ,0.0,0.0,330.0,04,3,6000,0,1,230,0,0,0,0

APPTR,R24,24,ABBRA
HF,ABBRA,26.380511,127.925025,1, ,0.0,0.0,239.0,04,2,2000,0,1,230,0,1,0,0

FINAL,R24,24,R,3
IF,ABBRA,26.380511,127.925025, ,0.0,0.0,2,2000,0,0,0,0,0,0
TF,KDABR,26.329417,127.843900,0, ,0.0,0.0,239.0,5.3,2,2000,0,0,0,0,2,0
TF,RW24,26.281375,127.767753,0, ,0.0,0.0,239.0,5.0,1,297,0,0,0,0,3,1
CA,0,239.0,2,648,0,0,0,0,0,0
DF,KKOLB,26.130264,127.846597,1, ,0.0,0.0,2,3000,0,0,0,0,0,1
HM,KKOLB,26.130264,127.846597,2, ,0.0,0.0,330.0,04,3,6000,0,1,230,0,0,0,0

APPTR,T040,04,ZANEE
HF,ZANEE,26.201253,127.688586,2, ,0.0,0.0,40.0,04,2,2000,0,1,90,0,1,0,0

FINAL,T040,04,D,3
IF,ZANEE,26.201253,127.688586,NFO,220.0,5.0,2,2000,0,1,90,0,2,0
CF,JERIV,26.235072,127.715806,0,NFO,220.0,2.5,40.0,2.5,2,1120,0,0,0,0,0,0
CF,JEYAB,26.264822,127.739775,0,NFO,220.0,0.3,40.0,2.2,1,389,0,0,0,0,3,0
CA,0,40.0,2,750,0,0,0,0,0,0
CF,KKOLB,26.130264,127.846597,2,NFO,150.0,10.0,150.0,10.0,2,3000,0,1,90,0,0,0
HM,KKOLB,26.130264,127.846597,2, ,0.0,0.0,330.0,04,3,6000,0,1,90,0,0,0,0

APPTR,T06-Y,06,NHC
IF,NHC,26.208531,127.642867, ,0.0,0.0,2,3000,0,0,0,0,0,0
TF,YYODA,26.319431,127.546914,0, ,0.0,0.0,0.0,0.0,2,3000,0,0,0,0,0,0
HF,YYODA,26.319431,127.546914,2, ,0.0,0.0,110.0,04,2,3000,0,1,230,0,1,0,0
AF,DEYED,26.141075,127.596497,1,NFO,230.0,11.0,290.0,2,2400,0,0,0,0,1,0

APPTR,T06-Y,06,TIT
IF,TIT,26.160667,127.801089, ,0.0,0.0,2,3000,0,0,0,0,0,0
TF,YYODA,26.319431,127.546914,0, ,0.0,0.0,0.0,0.0,2,3000,0,0,0,0,0,0
HF,YYODA,26.319431,127.546914,2, ,0.0,0.0,110.0,04,2,3000,0,1,230,0,1,0,0
AF,DEYED,26.141075,127.596497,1,NFO,230.0,11.0,290.0,2,2400,0,0,0,0,1,0

FINAL,T06-Y,06,D,4
IF,DEYED,26.141075,127.596497,NFO,230.0,11.0,2,2400,0,0,0,0,0,0
CF,AAWAY,26.187567,127.649750,0,NFO,230.0,7.0,50.0,4.0,2,2200,0,0,0,0,0,0
CF,DABNE,26.210806,127.676392,0,NFO,230.0,5.0,50.0,2.0,2,2000,0,0,0,0,2,0
CF,CIMEM,26.259592,127.732375,0,NFO,230.0,0.8,50.0,4.2,1,568,0,0,0,0,3,0
CA,0,50.0,2,750,0,0,0,0,0,0
CF,KKOLB,26.130264,127.846597,2,NFO,150.0,10.0,150.0,10.0,2,3000,0,0,0,0,0,0
HM,KKOLB,26.130264,127.846597,2, ,0.0,0.0,330.0,04,3,6000,0,1,230,0,0,0,0

APPTR,T06-Z,06,FUUSE
IF,FUUSE,26.119050,127.485922, ,0.0,0.0,2,3000,0,0,0,0,1,0
TF,WIPKI,26.154786,127.548536,0, ,0.0,0.0,0.0,0.0,2,3000,0,0,0,0,1,0

APPTR,T06-Z,06,HILIN
IF,HILIN,26.296833,127.799794, ,0.0,0.0,2,3000,0,0,0,0,1,0
AF,HIKNI,26.179417,127.825142,2,NHC,104.9,10.0,63.0,2,3000,0,0,0,0,0,0
AF,FUUSE,26.119050,127.485922,2,NHC,242.8,10.0,105.0,0,0,0,0,0,0,0,0
TF,WIPKI,26.154786,127.548536,0, ,0.0,0.0,0.0,0.0,2,3000,0,0,0,0,1,0

FINAL,T06-Z,06,D,3
IF,WIPKI,26.154786,127.548536,NHC,242.8,6.0,2,3000,0,0,0,0,0,0
CF,NHC,26.208531,127.642867,0,NHC,0.0,0.0,63.0,6.0,2,2500,0,0,0,0,2,0
CF,WODBA,26.261825,127.736600,0,NHC,62.7,6.0,63.0,6.0,1,480,0,0,0,0,3,0
CA,0,63.0,2,750,0,0,0,0,0,0
DF,HILIN,26.296833,127.799794,0, ,0.0,0.0,0,0,0,0,0,0,0,0
AF,HIKNI,26.179417,127.825142,2,NHC,104.9,10.0,63.0,2,3000,0,0,0,0,0,0
AF,FUUSE,26.119050,127.485922,2,NHC,242.8,10.0,105.0,2,3000,0,0,0,0,0,0
HM,FUUSE,26.119050,127.485922,2, ,0.0,0.0,63.0,04,3,6000,0,1,230,0,0,0,0

APPTR,T24,24,KASSY
HF,KASSY,26.324806,127.846392,1, ,0.0,0.0,243.0,04,2,2000,0,1,90,0,1,0,0

APPTR,T24,24,NHC
IF,NHC,26.208531,127.642867, ,0.0,0.0,2,3000,0,0,0,0,0,0
TF,HABUU,26.599297,127.922361,0, ,0.0,0.0,0.0,0.0,2,3000,0,0,0,0,0,0
HF,HABUU,26.599297,127.922361,2, ,0.0,0.0,210.0,04,2,3000,0,1,230,0,1,0,0
TF,HEMSO,26.569269,127.906017,0, ,0.0,0.0,0.0,0.0,0,0,0,0,0,0,0,0
AF,HESVI,26.509136,128.001164,2,NFO,48.0,20.0,30.0,2,2600,0,0,0,0,0,0
AF,HIGAB,26.440717,128.061361,2,NFO,63.0,20.0,48.0,2,2200,0,0,0,0,1,0

APPTR,T24,24,TIT
IF,TIT,26.160667,127.801089, ,0.0,0.0,2,3000,0,0,0,0,0,0
TF,HABUU,26.599297,127.922361,0, ,0.0,0.0,0.0,0.0,2,3000,0,0,0,0,0,0
HF,HABUU,26.599297,127.922361,2, ,0.0,0.0,210.0,04,2,3000,0,1,230,0,1,0,0
TF,HEMSO,26.569269,127.906017,0, ,0.0,0.0,0.0,0.0,0,0,0,0,0,0,0,0
AF,HESVI,26.509136,128.001164,2,NFO,48.0,20.0,30.0,2,2600,0,0,0,0,0,0
AF,HIGAB,26.440717,128.061361,2,NFO,63.0,20.0,48.0,2,2200,0,0,0,0,1,0

FINAL,T24,24,D,6
IF,HIGAB,26.440717,128.061361,NFO,63.0,20.0,2,2200,0,0,0,0,0,0
CF,HUDIK,26.397825,127.981692,0,NFO,63.0,15.0,243.0,5.0,1,2000,0,0,0,0,0,0
CF,KASSY,26.324806,127.846392,0,NFO,63.0,6.5,243.0,8.5,1,2000,0,0,0,0,2,0
IF,KASSY,26.324806,127.846392,NFO,63.0,6.5,2,2000,0,1,90,0,2,0
CF,HUGNO,26.285239,127.773242,0,NFO,63.0,1.9,243.0,4.6,1,425,0,0,0,0,3,0
CF,HUGNO,26.285239,127.773242,0,NFO,63.0,1.9,243.0,4.6,1,425,0,0,0,0,3,0
CA,0,243.0,2,750,0,0,0,0,0,0
CA,0,243.0,2,750,0,0,0,0,0,0
CF,KKOLB,26.130264,127.846597,1,NFO,150.0,10.0,150.0,10.0,2,3000,0,0,0,0,0,0
CF,KKOLB,26.130264,127.846597,1,NFO,150.0,10.0,150.0,10.0,2,3000,0,1,90,0,0,0
HM,KKOLB,26.130264,127.846597,2, ,0.0,0.0,330.0,04,3,6000,0,1,90,0,0,0,0
HM,KKOLB,26.130264,127.846597,2, ,0.0,0.0,330.0,04,3,6000,0,1,230,0,0,0,0

