SID,ERVA1B,10,5
CA,0,101.0,2,1200,0,0,0,0,0,0
DF,ERVAT,-22.934333,-42.136833,2, ,0.0,0.0,0,0,0,0,0,0,0,1

SID,ERVA1B,BITAK,6
IF,ERVAT,-22.934333,-42.136833, ,0.0,0.0,0,0,0,0,0,0,0,0
TF,BITAK,-23.630167,-43.638000,0, ,0.0,0.0,0.0,0.0,0,0,0,0,0,0,0,0

SID,ERVA1B,KOVGO,6
IF,ERVAT,-22.934333,-42.136833, ,0.0,0.0,0,0,0,0,0,0,0,0
TF,KOVGO,-23.308786,-43.270836,0, ,0.0,0.0,0.0,0.0,0,0,0,0,0,0,0,0

SID,ERVA1B,UDIRA,6
IF,ERVAT,-22.934333,-42.136833, ,0.0,0.0,0,0,0,0,0,0,0,0
TF,UDIRA,-22.967175,-42.890947,0, ,0.0,0.0,0.0,0.0,0,0,0,0,0,0,0,0

SID,ERVA2A,28,5
CF,ERVAT,-22.934333,-42.136833,0,ADA,220.5,7.6,281.0,3.0,0,0,0,0,0,0,0,1

SID,ERVA2A,BITAK,6
IF,ERVAT,-22.934333,-42.136833, ,0.0,0.0,0,0,0,0,0,0,0,0
TF,BITAK,-23.630167,-43.638000,0, ,0.0,0.0,0.0,0.0,0,0,0,0,0,0,0,0

SID,ERVA2A,KOVGO,6
IF,ERVAT,-22.934333,-42.136833, ,0.0,0.0,0,0,0,0,0,0,0,0
TF,KOVGO,-23.308786,-43.270836,0, ,0.0,0.0,0.0,0.0,0,0,0,0,0,0,0,0

SID,ERVA2A,MCA,6
IF,ERVAT,-22.934333,-42.136833, ,0.0,0.0,0,0,0,0,0,0,0,0
DF,OSESO,-22.883667,-41.882833,1, ,0.0,0.0,0,0,0,0,0,0,0,1
TF,MCA,-22.344447,-41.769000,0, ,0.0,0.0,0.0,0.0,0,0,0,0,0,0,0,0

SID,ERVA2A,UDIRA,6
IF,ERVAT,-22.934333,-42.136833, ,0.0,0.0,0,0,0,0,0,0,0,0
TF,UDIRA,-22.967175,-42.890947,0, ,0.0,0.0,0.0,0.0,0,0,0,0,0,0,0,0

SID,MCA2B,10,5
CF,OSESO,-22.883667,-41.882833,0,MCA,214.1,32.9,101.0,10.0,0,0,0,0,0,0,0,1
TF,MCA,-22.344447,-41.769000,0, ,0.0,0.0,0.0,0.0,0,0,0,0,0,0,0,0

SID,OMNI,10,1
CA,0,101.0,2,1200,0,0,0,0,0,0
VM,0,0,0,101.0,0,0,0,0,0,0,0,0

SID,OMNI,28,1
CA,0,281.0,2,1200,0,0,0,0,0,0
VM,0,0,0,281.0,0,0,0,0,0,0,0,0

APPTR,N10-Z,10,BFR1
IF,BFR,-22.923333,-42.071500, ,0.0,0.0,2,4100,0,0,0,0,1,0
TF,D284I,-22.947575,-42.237367,0, ,0.0,0.0,0.0,0.0,0,0,0,0,0,0,0,0
FC,D284I,-22.947575,-42.237367,0,ADA,0.0,0.0,241.0,4.4,2,3000,0,0,0,0,0,1
CF,CF10,-22.949081,-42.247714,2,ADA,249.0,11.7,104.0,4.0,2,3000,0,0,0,0,0,0

APPTR,N10-Z,10,BFR2
IF,BFR,-22.923333,-42.071500, ,0.0,0.0,2,4100,0,0,0,0,1,0
TF,D284H,-22.944197,-42.214178,0, ,0.0,0.0,0.0,0.0,0,0,0,0,0,0,0,0
FC,D284H,-22.944197,-42.214178,0,ADA,0.0,0.0,241.0,3.0,2,3000,0,0,0,0,0,1
CF,CF10,-22.949081,-42.247714,2,ADA,249.0,11.7,104.0,2.0,2,3000,0,0,0,0,0,0

FINAL,N10-Z,10,N,3
IF,CF10,-22.949081,-42.247714,BFR,0.0,0.0,2,3000,0,0,0,0,0,0
CF,FF10,-22.945003,-42.219706,0,BFR,0.0,0.0,104.0,1.6,2,2500,0,0,0,0,2,0
CF,BFR01,-22.924989,-42.082797,0,BFR,0.0,0.0,104.0,7.7,1,59,0,0,0,0,3,0
CF,BFR,-22.923333,-42.071500,0,ADA,191.7,6.7,104.0,0.6,0,0,0,0,0,0,0,1
CA,0,104.0,2,2000,0,0,0,0,0,0
DF,BFR,-22.923333,-42.071500,2, ,0.0,0.0,2,4100,0,0,0,0,0,0
HM,BFR,-22.923333,-42.071500,1, ,0.0,0.0,284.0,04.3,2,4100,0,0,0,0,0,0,0

APPTR,R10-X,10,CB016
IF,CB016,-22.995594,-42.181008, ,0.0,0.0,2,3000,0,0,0,0,1,0
TF,CB029,-22.946644,-42.192883,0, ,0.0,0.0,0.0,0.0,2,2000,0,0,0,0,1,0

APPTR,R10-X,10,CB018
IF,CB018,-22.957628,-42.245742, ,0.0,0.0,2,3000,0,0,0,0,1,0
TF,CB029,-22.946644,-42.192883,0, ,0.0,0.0,0.0,0.0,2,2000,0,0,0,0,1,0

APPTR,R10-X,10,CB027
IF,CB027,-22.897692,-42.204747, ,0.0,0.0,2,3000,0,0,0,0,1,0
TF,CB029,-22.946644,-42.192883,0, ,0.0,0.0,0.0,0.0,2,2000,0,0,0,0,1,0

FINAL,R10-X,10,R,4
IF,CB029,-22.946644,-42.192883, ,0.0,0.0,2,2000,0,0,0,0,0,0
TF,CB031,-22.935644,-42.140031,0, ,0.0,0.0,101.0,3.0,2,1310,0,0,0,0,2,0
TF,CB051,-22.930889,-42.117369,0, ,0.0,0.0,101.0,1.3,2,794,0,0,0,0,0,0
TF,RW10,-22.923686,-42.083058,0, ,0.0,0.0,101.0,2.0,1,59,0,0,0,0,3,1
TF,CB019,-22.884958,-41.897739,0, ,0.0,0.0,0.0,0.0,2,3000,0,0,0,0,0,1
HM,CB019,-22.884958,-41.897739,1, ,0.0,0.0,281.0,04.3,2,3000,0,0,0,0,0,0,0

APPTR,R10-Z,10,CB001
IF,CB001,-22.979833,-42.366833, ,0.0,0.0,2,4000,0,0,0,0,1,0
TF,CB004,-22.959000,-42.260833,0, ,0.0,0.0,0.0,0.0,2,2200,0,0,0,0,1,0

APPTR,R10-Z,10,CB002
IF,CB002,-23.058333,-42.275667, ,0.0,0.0,2,4000,0,0,0,0,1,0
TF,CB004,-22.959000,-42.260833,0, ,0.0,0.0,0.0,0.0,2,2200,0,0,0,0,1,0

APPTR,R10-Z,10,CB003
IF,CB003,-22.874000,-42.318333, ,0.0,0.0,2,4000,0,0,0,0,1,0
TF,CB004,-22.959000,-42.260833,0, ,0.0,0.0,0.0,0.0,2,2200,0,0,0,0,1,0

FINAL,R10-Z,10,R,4
IF,CB004,-22.959000,-42.260833, ,0.0,0.0,2,2200,0,0,0,0,0,0
TF,CB006,-22.941333,-42.172167,0, ,0.0,0.0,101.0,5.0,2,1670,0,0,0,0,2,0
TF,CB052,-22.931725,-42.123667,0, ,0.0,0.0,101.0,2.8,2,791,0,0,0,0,0,0
TF,RW10,-22.923686,-42.083058,0, ,0.0,0.0,101.0,2.3,1,59,0,0,0,0,3,1
TF,CB007,-22.862500,-41.777000,0, ,0.0,0.0,0.0,0.0,2,4000,0,0,0,0,0,1
HM,CB007,-22.862500,-41.777000,1, ,0.0,0.0,281.0,04.3,2,4000,0,0,0,0,0,0,0

APPTR,R28-W,28,CB019
IF,CB019,-22.884958,-41.897739, ,0.0,0.0,2,3000,0,0,0,0,1,0
TF,CB021,-22.896042,-41.950550,0, ,0.0,0.0,0.0,0.0,2,2000,0,0,0,0,1,0

APPTR,R28-W,28,CB028
IF,CB028,-22.846106,-41.943697, ,0.0,0.0,2,3000,0,0,0,0,1,0
TF,CB021,-22.896042,-41.950550,0, ,0.0,0.0,0.0,0.0,2,2000,0,0,0,0,1,0

APPTR,R28-W,28,CB032
IF,CB032,-22.938372,-41.921147, ,0.0,0.0,2,3000,0,0,0,0,1,0
TF,CB021,-22.896042,-41.950550,0, ,0.0,0.0,0.0,0.0,2,2000,0,0,0,0,1,0

FINAL,R28-W,28,R,4
IF,CB021,-22.896042,-41.950550, ,0.0,0.0,2,2000,0,0,0,0,0,0
TF,CB033,-22.907106,-42.003372,0, ,0.0,0.0,281.0,3.0,2,1340,0,0,0,0,2,0
TF,CB017,-22.912119,-42.027047,0, ,0.0,0.0,281.0,1.4,2,807,0,0,0,0,0,0
TF,RW28,-22.919197,-42.060486,0, ,0.0,0.0,281.0,1.9,1,56,0,0,0,0,3,1
TF,CB018,-22.957628,-42.245742,0, ,0.0,0.0,0.0,0.0,2,3000,0,0,0,0,0,1
HM,CB018,-22.957628,-42.245742,2, ,0.0,0.0,101.0,04.3,2,3000,0,0,0,0,0,0,0

APPTR,R28-Y,28,CB007
IF,CB007,-22.862500,-41.777000, ,0.0,0.0,2,4000,0,0,0,0,1,0
TF,OSESO,-22.883667,-41.882833,0, ,0.0,0.0,0.0,0.0,2,2200,0,0,0,0,1,0

APPTR,R28-Y,28,CB008
IF,CB008,-22.784333,-41.868000, ,0.0,0.0,2,4000,0,0,0,0,1,0
TF,OSESO,-22.883667,-41.882833,0, ,0.0,0.0,0.0,0.0,2,2200,0,0,0,0,1,0

APPTR,R28-Y,28,CB009
IF,CB009,-22.968667,-41.825167, ,0.0,0.0,2,4000,0,0,0,0,1,0
TF,OSESO,-22.883667,-41.882833,0, ,0.0,0.0,0.0,0.0,2,2200,0,0,0,0,1,0

FINAL,R28-Y,28,R,4
IF,OSESO,-22.883667,-41.882833, ,0.0,0.0,2,2200,0,0,0,0,0,0
TF,CB012,-22.901500,-41.971333,0, ,0.0,0.0,281.0,5.0,2,1680,0,0,0,0,2,0
TF,CB053,-22.911144,-42.019883,0, ,0.0,0.0,281.0,2.8,2,802,0,0,0,0,0,0
TF,RW28,-22.919197,-42.060486,0, ,0.0,0.0,281.0,2.3,1,71,0,0,0,0,3,1
TF,CB001,-22.979833,-42.366833,0, ,0.0,0.0,0.0,0.0,2,4000,0,0,0,0,0,1
HM,CB001,-22.979833,-42.366833,2, ,0.0,0.0,101.0,04.3,2,4000,0,0,0,0,0,0,0

