SID,DAMT3A,25,5
IF,DAMTI,-21.714633,-41.320172, ,0.0,0.0,2,600,0,0,0,0,0,0

SID,DAMT3A,EVLAS,6
IF,DAMTI,-21.714633,-41.320172, ,0.0,0.0,2,600,0,0,0,0,0,0
DF,CP013,-21.686033,-41.253781,1, ,0.0,0.0,0,0,0,0,0,0,0,0
TF,EVLAS,-21.643128,-40.545672,0, ,0.0,0.0,0.0,0.0,0,0,0,0,0,0,0,0

SID,DAMT3A,MAKIT,6
IF,DAMTI,-21.714633,-41.320172, ,0.0,0.0,2,600,0,0,0,0,0,0
DF,CP030,-21.723169,-41.260850,1, ,0.0,0.0,0,0,0,0,0,0,0,0
TF,MAKIT,-22.120167,-40.553167,0, ,0.0,0.0,0.0,0.0,0,0,0,0,0,0,0,0

SID,DAMT3A,RONIP,6
IF,DAMTI,-21.714633,-41.320172, ,0.0,0.0,2,600,0,0,0,0,0,0
DF,CP031,-21.736767,-41.278472,1, ,0.0,0.0,0,0,0,0,0,0,0,0
TF,RONIP,-22.028664,-41.069169,0, ,0.0,0.0,0.0,0.0,0,0,0,0,0,0,0,0

SID,OMNI,07,1
CA,0,70.0,2,1500,0,0,0,0,0,0
VM,0,0,0,70.0,0,0,0,0,0,0,0,0

SID,OMNI,25,1
CA,0,250.0,2,1500,0,0,0,0,0,0
VM,0,0,0,250.0,0,0,0,0,0,0,0,0

SID,PUPR1A,25,5
CF,PUPRO,-21.737500,-41.346167,0,VRI,237.8,106.5,250.0,3.0,0,0,0,0,0,0,0,1

SID,PUPR1A,MABSI,6
IF,PUPRO,-21.737500,-41.346167, ,0.0,0.0,0,0,0,0,0,0,0,0
DF,MABSI,-20.901667,-40.567500,2, ,0.0,0.0,0,0,0,0,0,0,0,0

SID,PUPR1A,MCA,6
IF,PUPRO,-21.737500,-41.346167, ,0.0,0.0,0,0,0,0,0,0,0,0
TF,MCA,-22.344447,-41.769000,0, ,0.0,0.0,0.0,0.0,0,0,0,0,0,0,0,0

SID,PUPR1A,MOLSU,6
IF,PUPRO,-21.737500,-41.346167, ,0.0,0.0,0,0,0,0,0,0,0,0
DF,CP046,-21.790706,-41.700044,0, ,0.0,0.0,2,7000,0,0,0,0,0,0
TF,MOLSU,-21.839833,-42.204833,0, ,0.0,0.0,0.0,0.0,0,0,0,0,0,0,0,0

SID,PUPR1A,RONIP,6
IF,PUPRO,-21.737500,-41.346167, ,0.0,0.0,0,0,0,0,0,0,0,0
DF,RONIP,-22.028664,-41.069169,1, ,0.0,0.0,0,0,0,0,0,0,0,0

SID,ROMA3A,07,5
IF,ROMAV,-21.682144,-41.283244, ,0.0,0.0,2,600,0,0,0,0,0,0

SID,ROMA3A,EVLAS,6
IF,ROMAV,-21.682144,-41.283244, ,0.0,0.0,2,600,0,0,0,0,0,0
DF,CP013,-21.686033,-41.253781,0, ,0.0,0.0,0,0,0,0,0,0,0,0
TF,EVLAS,-21.643128,-40.545672,0, ,0.0,0.0,0.0,0.0,0,0,0,0,0,0,0,0

SID,ROMA3A,MAKIT,6
IF,ROMAV,-21.682144,-41.283244, ,0.0,0.0,2,600,0,0,0,0,0,0
DF,CP030,-21.723169,-41.260850,2, ,0.0,0.0,0,0,0,0,0,0,0,0
TF,MAKIT,-22.120167,-40.553167,0, ,0.0,0.0,0.0,0.0,0,0,0,0,0,0,0,0

SID,ROMA3A,RONIP,6
IF,ROMAV,-21.682144,-41.283244, ,0.0,0.0,2,600,0,0,0,0,0,0
DF,CP031,-21.736767,-41.278472,2, ,0.0,0.0,0,0,0,0,0,0,0,0
TF,RONIP,-22.028664,-41.069169,0, ,0.0,0.0,0.0,0.0,0,0,0,0,0,0,0,0

SID,TISK1A,07,5
CF,TISKU,-21.659236,-41.257219,0,VRI,237.0,99.9,70.0,3.0,0,0,0,0,0,0,0,1

SID,TISK1A,MABSI,6
IF,TISKU,-21.659236,-41.257219, ,0.0,0.0,0,0,0,0,0,0,0,0
TF,MABSI,-20.901667,-40.567500,0, ,0.0,0.0,0.0,0.0,0,0,0,0,0,0,0,0

SID,TISK1A,MCA,6
IF,TISKU,-21.659236,-41.257219, ,0.0,0.0,0,0,0,0,0,0,0,0
DF,MCA,-22.344447,-41.769000,2, ,0.0,0.0,0,0,0,0,0,0,0,0

SID,TISK1A,MOLSU,6
IF,TISKU,-21.659236,-41.257219, ,0.0,0.0,0,0,0,0,0,0,0,0
DF,CP004,-21.554833,-41.530000,1, ,0.0,0.0,0,0,0,0,0,0,0,1
TF,MOLSU,-21.839833,-42.204833,0, ,0.0,0.0,0.0,0.0,0,0,0,0,0,0,0,0

SID,TISK1A,RONIP,6
IF,TISKU,-21.659236,-41.257219, ,0.0,0.0,0,0,0,0,0,0,0,0
DF,RONIP,-22.028664,-41.069169,2, ,0.0,0.0,0,0,0,0,0,0,0,0

APPTR,R07-X,07,CP015
IF,CP015,-21.756806,-41.498872, ,0.0,0.0,2,4000,0,1,180,0,1,0
TF,CP014,-21.817761,-41.437567,0, ,0.0,0.0,0.0,0.0,2,2600,0,0,0,0,1,0

APPTR,R07-X,07,CP016
IF,CP016,-21.878692,-41.376208, ,0.0,0.0,2,3000,0,1,180,0,1,0
TF,CP014,-21.817761,-41.437567,0, ,0.0,0.0,0.0,0.0,2,2600,0,0,0,0,1,0

APPTR,R07-X,07,CP018
IF,CP018,-21.875017,-41.502856, ,0.0,0.0,2,3000,0,0,0,0,1,0
TF,CP014,-21.817761,-41.437567,0, ,0.0,0.0,0.0,0.0,2,2600,0,0,0,0,1,0

FINAL,R07-X,07,R,4
IF,CP014,-21.817761,-41.437567, ,0.0,0.0,2,2600,0,0,0,0,0,0
TF,CP027,-21.787978,-41.403636,0, ,0.0,0.0,70.0,2.6,2,1900,0,0,0,0,0,0
TF,CP026,-21.760478,-41.372325,0, ,0.0,0.0,70.0,2.4,2,1700,0,0,0,0,2,0
TF,RW07,-21.703167,-41.307147,0, ,0.0,0.0,70.0,5.0,1,107,0,0,0,0,3,1
TF,CP019,-21.521542,-41.101075,0, ,0.0,0.0,0.0,0.0,2,3000,0,0,0,0,0,1
HM,CP019,-21.521542,-41.101075,2, ,0.0,0.0,250.0,04.3,2,3000,0,0,0,0,0,0,0

APPTR,R07-Y,07,CP006
IF,CP006,-21.808597,-41.427125, ,0.0,0.0,2,3000,0,0,0,0,1,0
TF,CP042,-21.774228,-41.387978,0, ,0.0,0.0,0.0,0.0,2,2500,0,0,0,0,1,0

APPTR,R07-Y,07,CP043
IF,CP043,-21.737669,-41.424769, ,0.0,0.0,2,3000,0,0,0,0,1,0
TF,CP042,-21.774228,-41.387978,0, ,0.0,0.0,0.0,0.0,2,2500,0,0,0,0,1,0

APPTR,R07-Y,07,CP044
IF,CP044,-21.810778,-41.351169, ,0.0,0.0,2,3000,0,0,0,0,1,0
TF,CP042,-21.774228,-41.387978,0, ,0.0,0.0,0.0,0.0,2,2500,0,0,0,0,1,0

FINAL,R07-Y,07,R,3
IF,CP042,-21.774228,-41.387978, ,0.0,0.0,2,2500,0,0,0,0,0,0
TF,CP041,-21.739850,-41.348853,0, ,0.0,0.0,70.0,3.0,2,1360,0,0,0,0,2,0
TF,RW07,-21.703167,-41.307147,0, ,0.0,0.0,70.0,3.2,1,92,0,0,0,0,3,1
VA,0,70.0,2,700,0,0,0,0,0,0
DF,CP044,-21.810778,-41.351169,2, ,0.0,0.0,2,3000,0,0,0,0,0,1
HM,CP044,-21.810778,-41.351169,1, ,0.0,0.0,340.0,04.3,2,3000,0,0,0,0,0,0,0

APPTR,R25-W,25,CP007
IF,CP007,-21.588114,-41.176508, ,0.0,0.0,2,3000,0,0,0,0,1,0
TF,CP009,-21.622533,-41.215553,0, ,0.0,0.0,0.0,0.0,2,2500,0,0,0,0,1,0

APPTR,R25-W,25,CP010
IF,CP010,-21.659044,-41.178739, ,0.0,0.0,2,3000,0,0,0,0,1,0
TF,CP009,-21.622533,-41.215553,0, ,0.0,0.0,0.0,0.0,2,2500,0,0,0,0,1,0

APPTR,R25-W,25,CP011
IF,CP011,-21.586011,-41.252350, ,0.0,0.0,2,3000,0,0,0,0,1,0
TF,CP009,-21.622533,-41.215553,0, ,0.0,0.0,0.0,0.0,2,2500,0,0,0,0,1,0

FINAL,R25-W,25,R,3
IF,CP009,-21.622533,-41.215553, ,0.0,0.0,2,2500,0,0,0,0,0,0
TF,CP008,-21.656942,-41.254617,0, ,0.0,0.0,250.0,3.0,2,1350,0,0,0,0,2,0
TF,RW25,-21.693636,-41.296311,0, ,0.0,0.0,250.0,3.2,1,87,0,0,0,0,3,1
VA,0,250.0,2,700,0,0,0,0,0,0
DF,CP010,-21.659044,-41.178739,1, ,0.0,0.0,2,3000,0,0,0,0,0,1
HM,CP010,-21.659044,-41.178739,2, ,0.0,0.0,340.0,04.3,2,3000,0,0,0,0,0,0,0

APPTR,R25-Z,25,CP019
IF,CP019,-21.521542,-41.101075, ,0.0,0.0,2,3000,0,0,0,0,1,0
TF,CP021,-21.578933,-41.166100,0, ,0.0,0.0,0.0,0.0,2,2600,0,0,0,0,1,0

APPTR,R25-Z,25,CP022
IF,CP022,-21.639764,-41.104731, ,0.0,0.0,2,3000,0,1,180,0,1,0
TF,CP021,-21.578933,-41.166100,0, ,0.0,0.0,0.0,0.0,2,2600,0,0,0,0,1,0

APPTR,R25-Z,25,CP023
IF,CP023,-21.518078,-41.227419, ,0.0,0.0,2,3500,0,1,180,0,1,0
TF,CP021,-21.578933,-41.166100,0, ,0.0,0.0,0.0,0.0,2,2600,0,0,0,0,1,0

FINAL,R25-Z,25,R,3
IF,CP021,-21.578933,-41.166100, ,0.0,0.0,2,2600,0,0,0,0,0,0
TF,CP020,-21.636297,-41.231175,0, ,0.0,0.0,250.0,5.0,2,1700,0,0,0,0,2,0
TF,RW25,-21.693636,-41.296311,0, ,0.0,0.0,250.0,5.0,1,102,0,0,0,0,3,1
CA,0,250.0,2,1000,0,0,0,0,0,0
DF,CP016,-21.878692,-41.376208,0, ,0.0,0.0,2,3000,0,0,0,0,0,1
HM,CP016,-21.878692,-41.376208,1, ,0.0,0.0,340.0,04.3,2,3000,0,0,0,0,0,0,0

