SID,OMNI,05,1
VA,0,53.0,2,500,0,0,0,0,0,0
VM,0,0,0,53.0,0,0,0,0,0,0,0,0

SID,OMNI,06,1
VA,0,57.0,2,500,0,0,0,0,0,0
VM,0,0,0,57.0,0,0,0,0,0,0,0,0

SID,OMNI,23,1
VA,0,233.0,2,500,0,0,0,0,0,0
VM,0,0,0,233.0,0,0,0,0,0,0,0,0

SID,OMNI,24,1
VA,0,237.0,2,500,0,0,0,0,0,0
VM,0,0,0,237.0,0,0,0,0,0,0,0,0

APPTR,D06,06,MCA
IF,MCA,-22.344447,-41.769000, ,0.0,0.0,2,4000,0,0,0,0,1,0
FD,MCA,-22.344447,-41.769000,0,MCA,0.0,8.0,211.0,8.0,2,2300,0,0,0,0,0,0
CF,CF06,-22.462764,-41.836181,2,MCA,230.8,8.0,51.0,1.0,2,2300,0,0,0,0,0,0

FINAL,D06,06,D,4
IF,CF06,-22.462764,-41.836181,MCA,230.8,8.0,2,2300,0,0,0,0,0,0
CF,ARUDA,-22.420875,-41.812381,0,MCA,230.8,5.2,51.0,2.8,2,2190,0,0,0,0,2,0
CF,ME013,-22.365861,-41.781150,0,MCA,230.8,1.5,51.0,3.7,2,711,0,0,0,0,0,0
CF,MCA,-22.344447,-41.769000,0,MCA,0.0,0.0,51.0,1.5,1,44,0,0,0,0,3,0
CA,0,51.0,2,2000,0,0,0,0,0,0
DF,MCA,-22.344447,-41.769000,1, ,0.0,0.0,2,4000,0,0,0,0,0,0
HM,MCA,-22.344447,-41.769000,1, ,0.0,0.0,201.0,04.3,2,4000,0,0,0,0,0,0,0

APPTR,R05,05,ME056
IF,ME056,-22.306042,-41.868425, ,0.0,0.0,2,4500,0,0,0,0,1,0
TF,ME054,-22.348633,-41.894478,0, ,0.0,0.0,0.0,0.0,2,3500,0,1,230,0,0,0
RF,ME058,-22.406594,-41.888092,1,ME057,129.2,3.0,2,2400,0,0,0,0,0,0
RF,ME053,-22.421822,-41.833289,1,ME057,382.5,3.0,2,1400,0,0,0,0,1,0

FINAL,R05,05,R,3
IF,ME053,-22.421822,-41.833289, ,0.0,0.0,2,1400,0,0,0,0,0,0
RF,ME052,-22.398244,-41.800692,1,ME057,52.0,3.0,2,1180,0,0,0,0,2,0
TF,RW05,-22.347350,-41.769597,0, ,0.0,0.0,53.0,3.5,1,59,0,0,0,0,3,1
VA,0,53.0,2,1400,0,1,230,0,0,0
DF,ME056,-22.306042,-41.868425,1, ,0.0,0.0,2,4500,0,0,0,0,0,1
HM,ME056,-22.306042,-41.868425,1, ,0.0,0.0,263.0,04.3,2,4500,0,0,0,0,0,0,0

APPTR,R06-W,06,ME018
IF,ME018,-22.476847,-41.748906, ,0.0,0.0,2,2500,0,0,0,0,1,0
TF,ME017,-22.432003,-41.773114,0, ,0.0,0.0,0.0,0.0,2,1600,0,0,0,0,1,0

APPTR,R06-W,06,ME019
IF,ME019,-22.468486,-41.810167, ,0.0,0.0,2,2500,0,0,0,0,1,0
TF,ME017,-22.432003,-41.773114,0, ,0.0,0.0,0.0,0.0,2,1600,0,0,0,0,1,0

APPTR,R06-W,06,ME021
IF,ME021,-22.426186,-41.719508, ,0.0,0.0,2,2500,0,0,0,0,1,0
TF,ME017,-22.432003,-41.773114,0, ,0.0,0.0,0.0,0.0,2,1600,0,0,0,0,1,0

FINAL,R06-W,06,R,4
IF,ME017,-22.432003,-41.773114, ,0.0,0.0,2,1600,0,0,0,0,0,0
TF,ME012,-22.387156,-41.797306,0, ,0.0,0.0,357.0,3.0,2,1230,0,0,0,0,2,0
TF,ME020,-22.371789,-41.786428,0, ,0.0,0.0,57.0,1.1,2,794,0,0,0,0,0,0
TF,RW06,-22.345244,-41.767647,0, ,0.0,0.0,57.0,1.9,1,44,0,0,0,0,3,1
VA,0,57.0,2,500,0,0,0,0,0,0
DF,ME021,-22.426186,-41.719508,2, ,0.0,0.0,2,2500,0,0,0,0,0,1
HM,ME021,-22.426186,-41.719508,1, ,0.0,0.0,287.0,04.3,2,2500,0,0,0,0,0,0,0

APPTR,R23,23,ME062
IF,ME062,-22.221578,-41.646589, ,0.0,0.0,2,3000,0,0,0,0,1,0
TF,ME068,-22.227903,-41.718122,0, ,0.0,0.0,0.0,0.0,2,1800,0,0,0,0,1,0

APPTR,R23,23,ME069
IF,ME069,-22.179342,-41.704569, ,0.0,0.0,2,3000,0,0,0,0,1,0
TF,ME068,-22.227903,-41.718122,0, ,0.0,0.0,0.0,0.0,2,1800,0,0,0,0,1,0

FINAL,R23,23,R,4
IF,ME068,-22.227903,-41.718122, ,0.0,0.0,2,1800,0,0,0,0,0,0
TF,ME072,-22.260275,-41.727161,0, ,0.0,0.0,218.0,2.0,2,1407,0,0,0,0,0,0
TF,ME059,-22.292647,-41.736206,0, ,0.0,0.0,218.0,2.0,2,1020,0,0,0,0,2,0
TF,RW23,-22.336278,-41.762836,0, ,0.0,0.0,233.0,3.0,1,59,0,0,0,0,3,1
VA,0,233.0,2,700,0,1,230,0,0,0
DF,ME069,-22.179342,-41.704569,2, ,0.0,0.0,2,3000,0,1,230,0,0,1
HM,ME069,-22.179342,-41.704569,1, ,0.0,0.0,218.0,04.3,2,3000,0,1,230,0,0,0,0

APPTR,R24-X,24,ME031
IF,ME031,-22.302364,-41.625558, ,0.0,0.0,2,2500,0,0,0,0,1,0
TF,ME029,-22.299467,-41.679389,0, ,0.0,0.0,0.0,0.0,2,1600,0,0,0,0,1,0

APPTR,R24-X,24,ME032
IF,ME032,-22.253389,-41.658050, ,0.0,0.0,2,2500,0,0,0,0,1,0
TF,ME029,-22.299467,-41.679389,0, ,0.0,0.0,0.0,0.0,2,1600,0,0,0,0,1,0

APPTR,R24-X,24,ME049
IF,ME049,-22.347525,-41.663900, ,0.0,0.0,2,2500,0,0,0,0,1,0
TF,ME029,-22.299467,-41.679389,0, ,0.0,0.0,0.0,0.0,2,1600,0,0,0,0,1,0

FINAL,R24-X,24,R,4
IF,ME029,-22.299467,-41.679389, ,0.0,0.0,2,1600,0,0,0,0,0,0
TF,ME022,-22.296550,-41.733214,0, ,0.0,0.0,297.0,3.0,2,1230,0,0,0,0,2,0
TF,ME025,-22.311919,-41.744081,0, ,0.0,0.0,237.0,1.1,2,794,0,0,0,0,0,0
TF,RW24,-22.338467,-41.762853,0, ,0.0,0.0,237.0,1.9,1,43,0,0,0,0,3,1
VA,0,237.0,2,500,0,0,0,0,0,0
DF,ME051,-22.257517,-41.810942,2, ,0.0,0.0,2,2500,0,0,0,0,0,1
HM,ME051,-22.257517,-41.810942,1, ,0.0,0.0,14.0,04.3,2,2500,0,0,0,0,0,0,0

APPTR,R24-Y,24,ME051
IF,ME051,-22.257517,-41.810942, ,0.0,0.0,2,2500,0,0,0,0,1,0
TF,ME061,-22.251711,-41.757403,0, ,0.0,0.0,0.0,0.0,2,2000,0,0,0,0,1,0

APPTR,R24-Y,24,ME063
IF,ME063,-22.206867,-41.781578, ,0.0,0.0,2,2500,0,0,0,0,1,0
TF,ME061,-22.251711,-41.757403,0, ,0.0,0.0,0.0,0.0,2,2000,0,0,0,0,1,0

APPTR,R24-Y,24,ME064
IF,ME064,-22.215217,-41.720417, ,0.0,0.0,2,2500,0,0,0,0,1,0
TF,ME061,-22.251711,-41.757403,0, ,0.0,0.0,0.0,0.0,2,2000,0,0,0,0,1,0

FINAL,R24-Y,24,R,5
IF,ME061,-22.251711,-41.757403, ,0.0,0.0,2,2000,0,0,0,0,0,0
TF,ME060,-22.274131,-41.745311,0, ,0.0,0.0,177.0,1.5,2,1610,0,0,0,0,0,0
TF,ME022,-22.296550,-41.733214,0, ,0.0,0.0,177.0,1.5,2,1230,0,0,0,0,2,0
TF,ME025,-22.311919,-41.744081,0, ,0.0,0.0,237.0,1.1,2,794,0,0,0,0,0,0
TF,RW24,-22.338467,-41.762853,0, ,0.0,0.0,237.0,1.9,1,43,0,0,0,0,3,1
VA,0,237.0,2,500,0,0,0,0,0,0
DF,ME051,-22.257517,-41.810942,2, ,0.0,0.0,2,2500,0,0,0,0,0,1
HM,ME051,-22.257517,-41.810942,1, ,0.0,0.0,14.0,04.3,2,2500,0,0,0,0,0,0,0

