SID,KOVG1A,ALL,5
IF,MI011,-22.925439,-42.841008, ,0.0,0.0,2,600,0,0,0,0,0,0
TF,MI007,-22.959722,-42.810144,0, ,0.0,0.0,0.0,0.0,3,1500,0,0,0,0,0,0

SID,KOVG1A,KOVGO,6
IF,MI007,-22.959722,-42.810144, ,0.0,0.0,3,1500,0,0,0,0,0,0
TF,KOVGO,-23.308786,-43.270836,0, ,0.0,0.0,0.0,0.0,0,0,0,0,0,0,0,0

SID,TOKO1A,ALL,5
IF,MI011,-22.925439,-42.841008, ,0.0,0.0,2,600,0,0,0,0,0,0
TF,MI007,-22.959722,-42.810144,0, ,0.0,0.0,0.0,0.0,3,1500,0,0,0,0,0,0

SID,TOKO1A,TOKOV,6
IF,MI007,-22.959722,-42.810144, ,0.0,0.0,3,1500,0,0,0,0,0,0
TF,TOKOV,-22.941578,-42.736306,0, ,0.0,0.0,0.0,0.0,2,2500,0,0,0,0,0,0

APPTR,R247,24,MI006
IF,MI006,-22.820647,-42.663008, ,0.0,0.0,2,4000,0,0,0,0,1,0
TF,MI001,-22.816836,-42.726014,0, ,0.0,0.0,0.0,0.0,2,3000,0,0,0,0,1,0

FINAL,R247,24,R,4
IF,MI001,-22.816836,-42.726014, ,0.0,0.0,2,3000,0,0,0,0,0,0
TF,MI002,-22.859264,-42.769522,0, ,0.0,0.0,247.0,3.5,2,2520,0,0,0,0,2,0
TF,MI003,-22.877447,-42.788178,0, ,0.0,0.0,247.0,1.5,2,1780,0,0,0,0,0,0
TF,MI004,-22.906500,-42.818006,0, ,0.0,0.0,247.0,2.4,1,600,0,0,0,0,3,1
VA,0,247.0,2,700,0,0,0,0,0,0
DF,MI007,-22.959722,-42.810144,0, ,0.0,0.0,0,0,0,0,0,0,0,0
TF,MI008,-22.934858,-42.699703,0, ,0.0,0.0,0.0,0.0,0,0,0,0,0,0,0,0
TF,MI009,-22.864944,-42.689847,0, ,0.0,0.0,0.0,0.0,2,4000,0,0,0,0,0,1
HM,MI009,-22.864944,-42.689847,1, ,0.0,0.0,52.0,04.3,2,4000,0,0,0,0,0,0,0

