SID,EDNO1A,20,5
IF,EDNOP,-29.919797,-54.935108, ,0.0,0.0,2,900,0,0,0,0,0,0

SID,EDNO1A,BGE,6
IF,EDNOP,-29.919797,-54.935108, ,0.0,0.0,2,900,0,0,0,0,0,0
DF,CQ018,-30.059825,-54.842519,0, ,0.0,0.0,0,0,0,0,0,0,0,0
TF,BGE,-31.390714,-54.109717,0, ,0.0,0.0,0.0,0.0,0,0,0,0,0,0,0,0

SID,EDNO1A,ILVET,6
IF,EDNOP,-29.919797,-54.935108, ,0.0,0.0,2,900,0,0,0,0,0,0
DF,CQ016,-29.780492,-55.063511,2, ,0.0,0.0,0,0,0,0,0,0,0,0
TF,ILVET,-29.347667,-55.547333,0, ,0.0,0.0,0.0,0.0,0,0,0,0,0,0,0,0

SID,EDNO1A,SMA,6
IF,EDNOP,-29.919797,-54.935108, ,0.0,0.0,2,900,0,0,0,0,0,0
DF,CQ017,-29.882669,-54.817167,1, ,0.0,0.0,0,0,0,0,0,0,0,0
TF,SMA,-29.709761,-53.712744,0, ,0.0,0.0,0.0,0.0,0,0,0,0,0,0,0,0

SID,PUGO1A,02,5
IF,PUGOP,-29.880781,-54.923725, ,0.0,0.0,2,900,0,0,0,0,0,0

SID,PUGO1A,BGE,6
IF,PUGOP,-29.880781,-54.923725, ,0.0,0.0,2,900,0,0,0,0,0,0
DF,CQ018,-30.059825,-54.842519,2, ,0.0,0.0,0,0,0,0,0,0,0,0
TF,BGE,-31.390714,-54.109717,0, ,0.0,0.0,0.0,0.0,0,0,0,0,0,0,0,0

SID,PUGO1A,ILVET,6
IF,PUGOP,-29.880781,-54.923725, ,0.0,0.0,2,900,0,0,0,0,0,0
DF,CQ016,-29.780492,-55.063511,0, ,0.0,0.0,0,0,0,0,0,0,0,0
TF,ILVET,-29.347667,-55.547333,0, ,0.0,0.0,0.0,0.0,0,0,0,0,0,0,0,0

SID,PUGO1A,SMA,6
IF,PUGOP,-29.880781,-54.923725, ,0.0,0.0,2,900,0,0,0,0,0,0
DF,CQ017,-29.882669,-54.817167,0, ,0.0,0.0,0,0,0,0,0,0,0,0
TF,SMA,-29.709761,-53.712744,0, ,0.0,0.0,0.0,0.0,0,0,0,0,0,0,0,0

APPTR,R02,02,CQ029
IF,CQ029,-30.149711,-55.002311, ,0.0,0.0,2,4000,0,0,0,0,1,0
TF,CQ027,-30.068756,-54.978631,0, ,0.0,0.0,0.0,0.0,2,2700,0,0,0,0,1,0

APPTR,R02,02,CQ031
IF,CQ031,-30.043997,-55.090292, ,0.0,0.0,2,4000,0,0,0,0,1,0
TF,CQ027,-30.068756,-54.978631,0, ,0.0,0.0,0.0,0.0,2,2700,0,0,0,0,1,0

APPTR,R02,02,CQ032
IF,CQ032,-30.093417,-54.866911, ,0.0,0.0,2,4000,0,0,0,0,1,0
TF,CQ027,-30.068756,-54.978631,0, ,0.0,0.0,0.0,0.0,2,2700,0,0,0,0,1,0

FINAL,R02,02,R,3
IF,CQ027,-30.068756,-54.978631, ,0.0,0.0,2,2700,0,0,0,0,0,0
TF,CQ026,-29.987797,-54.954967,0, ,0.0,0.0,30.0,5.0,2,1930,0,0,0,0,2,0
TF,RW02,-29.906842,-54.931325,0, ,0.0,0.0,30.0,5.0,1,330,0,0,0,0,3,1
VA,0,30.0,2,2000,0,0,0,0,0,0
DF,CQ032,-30.093417,-54.866911,2, ,0.0,0.0,2,4000,0,0,0,0,0,1
HM,CQ032,-30.093417,-54.866911,2, ,0.0,0.0,300.0,04.3,2,4000,0,0,0,0,0,0,0

APPTR,R20,20,CQ022
IF,CQ022,-29.651344,-54.854522, ,0.0,0.0,2,4500,0,0,0,0,1,0
TF,CQ021,-29.732147,-54.878811,0, ,0.0,0.0,0.0,0.0,2,3000,0,0,0,0,1,0

APPTR,R20,20,CQ023
IF,CQ023,-29.706789,-54.989919, ,0.0,0.0,2,4500,0,0,0,0,1,0
TF,CQ021,-29.732147,-54.878811,0, ,0.0,0.0,0.0,0.0,2,3000,0,0,0,0,1,0

APPTR,R20,20,CQ024
IF,CQ024,-29.757411,-54.767644, ,0.0,0.0,2,4500,0,0,0,0,1,0
TF,CQ021,-29.732147,-54.878811,0, ,0.0,0.0,0.0,0.0,2,3000,0,0,0,0,1,0

FINAL,R20,20,R,3
IF,CQ021,-29.732147,-54.878811, ,0.0,0.0,2,3000,0,0,0,0,0,0
TF,CQ019,-29.812944,-54.903136,0, ,0.0,0.0,210.0,5.0,2,1920,0,0,0,0,2,0
TF,RW20,-29.893733,-54.927503,0, ,0.0,0.0,210.0,5.0,1,326,0,0,0,0,3,1
CA,0,210.0,2,1500,0,0,0,0,0,0
DF,CQ024,-29.757411,-54.767644,1, ,0.0,0.0,2,4500,0,0,0,0,0,1
HM,CQ024,-29.757411,-54.767644,1, ,0.0,0.0,300.0,04.3,2,4500,0,0,0,0,0,0,0

