SID,ABMI2A,02,2
CA,0,22.0,2,400,0,0,0,0,0,0
CF,T1,43.459444,39.968056,0,ADL,34.1,0.4,43.0,1.0,1,1100,0,0,0,0,0,0
TF,T2,43.445000,39.991944,0, ,0.0,0.0,0.0,0.0,4,2300,1400,0,0,0,0,0
TF,ONZEB,43.422222,39.984722,0, ,0.0,0.0,0.0,0.0,4,2300,1000,0,0,0,0,0
TF,ABMIN,43.385278,39.993611,0, ,0.0,0.0,0.0,0.0,4,1400,400,0,0,0,0,0
TF,USIBI,43.379167,39.988889,0, ,0.0,0.0,0.0,0.0,4,1400,400,0,0,0,0,0
TF,ETIMA,43.356389,39.997222,0, ,0.0,0.0,0.0,0.0,4,1400,400,0,0,0,0,0

SID,ABMI2B,06,2
CA,0,58.0,2,400,0,0,0,0,0,0
CF,T1,43.459444,39.968056,0,ADL,34.1,0.4,29.0,1.0,1,1100,0,0,0,0,0,0
TF,T2,43.445000,39.991944,2, ,0.0,0.0,0.0,0.0,4,2300,1400,0,0,0,0,0
TF,ONZEB,43.422222,39.984722,0, ,0.0,0.0,0.0,0.0,4,2300,1000,0,0,0,0,0
TF,ABMIN,43.385278,39.993611,0, ,0.0,0.0,0.0,0.0,4,1400,400,0,0,0,0,0
TF,USIBI,43.379167,39.988889,0, ,0.0,0.0,0.0,0.0,4,1400,400,0,0,0,0,0
TF,ETIMA,43.356389,39.997222,0, ,0.0,0.0,0.0,0.0,4,1400,400,0,0,0,0,0

SID,ABMI2C,20,2
CA,0,202.0,2,750,0,0,0,0,0,0
CF,T10,43.390556,39.948056,0,ADL,182.1,3.9,132.0,1.0,1,1100,0,0,0,0,0,0
TF,ABMIN,43.385278,39.993611,0, ,0.0,0.0,0.0,0.0,4,1400,400,0,0,0,0,0
TF,USIBI,43.379167,39.988889,2, ,0.0,0.0,0.0,0.0,4,1400,400,0,0,0,0,0
TF,ETIMA,43.356389,39.997222,0, ,0.0,0.0,0.0,0.0,4,1400,400,0,0,0,0,0

SID,ABMI2D,24,2
CA,0,238.0,2,700,0,0,0,0,0,0
CF,T10,43.390556,39.948056,1,ADL,182.1,3.9,130.0,2.0,1,1100,0,0,0,0,0,0
TF,ABMIN,43.385278,39.993611,0, ,0.0,0.0,0.0,0.0,4,1400,400,0,0,0,0,0
TF,USIBI,43.379167,39.988889,2, ,0.0,0.0,0.0,0.0,4,1400,400,0,0,0,0,0
TF,ETIMA,43.356389,39.997222,0, ,0.0,0.0,0.0,0.0,4,1400,400,0,0,0,0,0

SID,ABMI2S,24,2
CA,0,238.0,2,420,0,0,0,0,0,0
DF,T14,43.450278,39.918333,2, ,0.0,0.0,1,1600,0,0,0,0,0,0
TF,T1,43.459444,39.968056,0, ,0.0,0.0,0.0,0.0,1,1600,0,0,0,0,0,0
TF,T2,43.445000,39.991944,0, ,0.0,0.0,0.0,0.0,4,2300,1400,0,0,0,0,0
TF,ONZEB,43.422222,39.984722,0, ,0.0,0.0,0.0,0.0,4,2300,1000,0,0,0,0,0
TF,ABMIN,43.385278,39.993611,0, ,0.0,0.0,0.0,0.0,4,1400,400,0,0,0,0,0
TF,USIBI,43.379167,39.988889,0, ,0.0,0.0,0.0,0.0,4,1400,400,0,0,0,0,0
TF,ETIMA,43.356389,39.997222,0, ,0.0,0.0,0.0,0.0,4,1400,400,0,0,0,0,0

SID,ADNE1C,20,5
DF,DER20,43.434325,39.944572,0, ,0.0,0.0,0,0,0,0,0,0,0,1
CA,0,202.0,2,750,0,0,0,0,0,0
CF,SS201,43.229281,39.887517,0,ADL,186.6,13.9,187.0,12.0,2,2000,0,0,0,0,0,0
TF,SS202,43.157217,39.750700,0, ,0.0,0.0,0.0,0.0,4,8000,3600,0,0,0,0,0
TF,NIDEP,43.387606,39.625539,2, ,0.0,0.0,0.0,0.0,2,6000,0,0,0,0,0,0
TF,ABDES,43.633094,39.491050,0, ,0.0,0.0,0.0,0.0,2,11000,0,0,0,0,0,0
TF,ABUNI,43.968917,39.649111,0, ,0.0,0.0,0.0,0.0,2,14000,0,0,0,0,0,0
TF,ADNET,44.369167,39.840000,0, ,0.0,0.0,0.0,0.0,2,15000,0,0,0,0,0,0

SID,ADNE1D,24,5
DF,DER24,43.439461,39.925775,0, ,0.0,0.0,0,0,0,0,0,0,0,1
CA,0,238.0,2,600,0,0,0,0,0,0
CF,NIDEP,43.387606,39.625539,0,ADL,247.9,15.3,249.0,12.0,2,2700,0,0,0,0,0,0
TF,ABDES,43.633094,39.491050,0, ,0.0,0.0,0.0,0.0,0,0,0,0,0,0,0,0
TF,ABUNI,43.968917,39.649111,0, ,0.0,0.0,0.0,0.0,2,14000,0,0,0,0,0,0
TF,ADNET,44.369167,39.840000,0, ,0.0,0.0,0.0,0.0,2,15000,0,0,0,0,0,0

SID,ADNE1S,24,5
DF,DER24,43.439461,39.925775,0, ,0.0,0.0,0,0,0,0,0,0,0,1
CA,0,238.0,2,700,0,0,0,0,0,0
CF,ABDES,43.633094,39.491050,0,ADL,290.7,23.2,300.0,21.0,0,0,0,0,0,0,0,0
TF,ABUNI,43.968917,39.649111,0, ,0.0,0.0,0.0,0.0,2,14000,0,0,0,0,0,0
TF,ADNET,44.369167,39.840000,0, ,0.0,0.0,0.0,0.0,2,15000,0,0,0,0,0,0

SID,ADNE1T,24,5
DF,DER24,43.439461,39.925775,0, ,0.0,0.0,0,0,0,0,0,0,0,1
CA,0,238.0,2,600,0,0,0,0,0,0
CF,NIDEP,43.387606,39.625539,0,ADL,247.9,15.3,249.0,12.0,2,2700,0,0,0,0,0,0
TF,SS241,43.376028,39.457694,0, ,0.0,0.0,0.0,0.0,4,8000,4000,0,0,0,0,0
TF,SS243,43.503472,39.429278,0, ,0.0,0.0,0.0,0.0,0,0,0,0,0,0,0,0
TF,ABUNI,43.968917,39.649111,0, ,0.0,0.0,0.0,0.0,2,14000,0,0,0,0,0,0
TF,ADNET,44.369167,39.840000,0, ,0.0,0.0,0.0,0.0,2,15000,0,0,0,0,0,0

SID,ADNE1X,20,5
DF,DER20,43.434325,39.944572,0, ,0.0,0.0,0,0,0,0,0,0,0,1
CA,0,202.0,2,750,0,0,0,0,0,0
CF,ABDES,43.633094,39.491050,2,ADL,290.7,23.2,306.0,22.0,2,11000,0,0,0,0,0,0
TF,ABUNI,43.968917,39.649111,0, ,0.0,0.0,0.0,0.0,2,14000,0,0,0,0,0,0
TF,ADNET,44.369167,39.840000,0, ,0.0,0.0,0.0,0.0,2,15000,0,0,0,0,0,0

SID,DUKE2C,20,2
CA,0,202.0,2,750,0,0,0,0,0,0
CF,DUKEZ,43.489722,39.845278,2,ADL,285.5,5.5,318.0,5.0,4,1700,700,0,0,0,0,0
TF,OTNUD,43.551389,39.670278,0, ,0.0,0.0,0.0,0.0,4,1700,700,0,0,0,0,0

SID,DUKE2D,24,2
CA,0,238.0,2,700,0,0,0,0,0,0
CF,DUKEZ,43.489722,39.845278,0,ADL,285.5,5.5,318.0,4.0,4,1700,700,0,0,0,0,0
TF,OTNUD,43.551389,39.670278,0, ,0.0,0.0,0.0,0.0,4,1700,700,0,0,0,0,0

SID,DUKE2S,24,2
CA,0,238.0,2,420,0,0,0,0,0,0
CF,DUKEZ,43.489722,39.845278,0,ADL,285.5,5.5,307.0,4.0,4,1700,700,0,0,0,0,0
TF,OTNUD,43.551389,39.670278,0, ,0.0,0.0,0.0,0.0,4,1700,700,0,0,0,0,0

SID,IRGI1C,20,5
DF,DER20,43.434325,39.944572,0, ,0.0,0.0,0,0,0,0,0,0,0,1
CA,0,202.0,2,750,0,0,0,0,0,0
CF,SS201,43.229281,39.887517,0,ADL,186.6,13.9,187.0,12.0,2,2000,0,0,0,0,0,0
TF,SS202,43.157217,39.750700,0, ,0.0,0.0,0.0,0.0,4,8000,3600,0,0,0,0,0
TF,NIDEP,43.387606,39.625539,2, ,0.0,0.0,0.0,0.0,2,6000,0,0,0,0,0,0
TF,ABDES,43.633094,39.491050,0, ,0.0,0.0,0.0,0.0,2,11000,0,0,0,0,0,0
TF,IRGID,43.780556,39.913611,0, ,0.0,0.0,0.0,0.0,2,15000,0,0,0,0,0,0

SID,IRGI1D,24,5
DF,DER24,43.439461,39.925775,0, ,0.0,0.0,0,0,0,0,0,0,0,1
CA,0,238.0,2,600,0,0,0,0,0,0
CF,NIDEP,43.387606,39.625539,0,ADL,247.9,15.3,249.0,12.0,2,2700,0,0,0,0,0,0
TF,ABDES,43.633094,39.491050,0, ,0.0,0.0,0.0,0.0,0,0,0,0,0,0,0,0
TF,OSKED,43.723333,39.533333,0, ,0.0,0.0,0.0,0.0,2,10000,0,0,0,0,0,0
TF,IRGID,43.780556,39.913611,0, ,0.0,0.0,0.0,0.0,2,15000,0,0,0,0,0,0

SID,IRGI1S,24,5
DF,DER24,43.439461,39.925775,0, ,0.0,0.0,0,0,0,0,0,0,0,1
CA,0,238.0,2,700,0,0,0,0,0,0
CF,ABDES,43.633094,39.491050,0,ADL,290.7,23.2,300.0,21.0,0,0,0,0,0,0,0,0
TF,OSKED,43.723333,39.533333,0, ,0.0,0.0,0.0,0.0,2,10000,0,0,0,0,0,0
TF,IRGID,43.780556,39.913611,0, ,0.0,0.0,0.0,0.0,2,15000,0,0,0,0,0,0

SID,IRGI1T,24,5
DF,DER24,43.439461,39.925775,0, ,0.0,0.0,0,0,0,0,0,0,0,1
CA,0,238.0,2,600,0,0,0,0,0,0
CF,NIDEP,43.387606,39.625539,0,ADL,247.9,15.3,249.0,12.0,2,2700,0,0,0,0,0,0
TF,SS241,43.376028,39.457694,0, ,0.0,0.0,0.0,0.0,4,8000,4000,0,0,0,0,0
TF,SS243,43.503472,39.429278,0, ,0.0,0.0,0.0,0.0,0,0,0,0,0,0,0,0
TF,OSKED,43.723333,39.533333,0, ,0.0,0.0,0.0,0.0,2,10000,0,0,0,0,0,0
TF,IRGID,43.780556,39.913611,0, ,0.0,0.0,0.0,0.0,2,15000,0,0,0,0,0,0

SID,IRGI1X,20,5
DF,DER20,43.434325,39.944572,0, ,0.0,0.0,0,0,0,0,0,0,0,1
CA,0,202.0,2,750,0,0,0,0,0,0
CF,ABDES,43.633094,39.491050,2,ADL,290.7,23.2,306.0,22.0,2,11000,0,1,240,0,0,0
TF,IRGID,43.780556,39.913611,2, ,0.0,0.0,0.0,0.0,2,15000,0,0,0,0,0,0

SID,LA1C,20,5
DF,DER20,43.434325,39.944572,0, ,0.0,0.0,0,0,0,0,0,0,0,1
CA,0,202.0,2,750,0,0,0,0,0,0
CF,SS201,43.229281,39.887517,0,ADL,186.6,13.9,187.0,12.0,2,2000,0,0,0,0,0,0
TF,SS202,43.157217,39.750700,0, ,0.0,0.0,0.0,0.0,4,8000,3600,0,0,0,0,0
TF,NIDEP,43.387606,39.625539,2, ,0.0,0.0,0.0,0.0,2,6000,0,0,0,0,0,0
TF,LA,43.910278,39.337778,0, ,0.0,0.0,0.0,0.0,2,9000,0,0,0,0,0,0

SID,LA1D,24,5
DF,DER24,43.439461,39.925775,0, ,0.0,0.0,0,0,0,0,0,0,0,1
CA,0,238.0,2,600,0,0,0,0,0,0
CF,NIDEP,43.387606,39.625539,0,ADL,247.9,15.3,249.0,12.0,2,2700,0,0,0,0,0,0
TF,LA,43.910278,39.337778,0, ,0.0,0.0,0.0,0.0,2,9000,0,0,0,0,0,0

SID,LA1S,24,5
DF,DER24,43.439461,39.925775,0, ,0.0,0.0,0,0,0,0,0,0,0,1
CA,0,238.0,2,700,0,0,0,0,0,0
CF,ABDES,43.633094,39.491050,0,ADL,290.7,23.2,300.0,21.0,0,0,0,0,0,0,0,0
TF,LA,43.910278,39.337778,0, ,0.0,0.0,0.0,0.0,2,9000,0,0,0,0,0,0

SID,LA1T,24,5
DF,DER24,43.439461,39.925775,0, ,0.0,0.0,0,0,0,0,0,0,0,1
CA,0,238.0,2,600,0,0,0,0,0,0
CF,NIDEP,43.387606,39.625539,0,ADL,247.9,15.3,249.0,12.0,2,2700,0,0,0,0,0,0
TF,SS241,43.376028,39.457694,0, ,0.0,0.0,0.0,0.0,4,8000,4000,0,0,0,0,0
TF,LA,43.910278,39.337778,0, ,0.0,0.0,0.0,0.0,2,9000,0,0,0,0,0,0

SID,LA1X,20,5
DF,DER20,43.434325,39.944572,0, ,0.0,0.0,0,0,0,0,0,0,0,1
CA,0,202.0,2,750,0,0,0,0,0,0
CF,ABDES,43.633094,39.491050,2,ADL,290.7,23.2,306.0,22.0,2,6000,0,0,0,0,0,0
TF,LA,43.910278,39.337778,0, ,0.0,0.0,0.0,0.0,2,9000,0,0,0,0,0,0

SID,LAME1C,20,5
DF,DER20,43.434325,39.944572,0, ,0.0,0.0,0,0,0,0,0,0,0,1
CA,0,202.0,2,750,0,0,0,0,0,0
CF,SS201,43.229281,39.887517,0,ADL,186.6,13.9,187.0,12.0,2,2000,0,0,0,0,0,0
TF,SS202,43.157217,39.750700,0, ,0.0,0.0,0.0,0.0,4,8000,3600,0,0,0,0,0
TF,NIDEP,43.387606,39.625539,2, ,0.0,0.0,0.0,0.0,2,6000,0,0,0,0,0,0
TF,LAMET,43.349722,39.088611,0, ,0.0,0.0,0.0,0.0,2,10000,0,0,0,0,0,0

SID,LAME1D,24,5
DF,DER24,43.439461,39.925775,0, ,0.0,0.0,0,0,0,0,0,0,0,1
CA,0,238.0,2,600,0,0,0,0,0,0
CF,NIDEP,43.387606,39.625539,0,ADL,247.9,15.3,249.0,12.0,2,2700,0,0,0,0,0,0
TF,LAMET,43.349722,39.088611,0, ,0.0,0.0,0.0,0.0,4,10000,6000,0,0,0,0,0

SID,LAME1X,20,5
DF,DER20,43.434325,39.944572,0, ,0.0,0.0,0,0,0,0,0,0,0,1
CA,0,202.0,2,750,0,0,0,0,0,0
CF,NIDEP,43.387606,39.625539,0,ADL,247.9,15.3,267.0,12.0,2,6000,0,0,0,0,0,0
TF,LAMET,43.349722,39.088611,0, ,0.0,0.0,0.0,0.0,2,10000,0,0,0,0,0,0

SID,LAME1Y,20,5
DF,DER20,43.434325,39.944572,0, ,0.0,0.0,0,0,0,0,0,0,0,1
CA,0,202.0,2,750,0,0,0,0,0,0
CF,SS201,43.229281,39.887517,0,ADL,186.6,13.9,187.0,12.0,2,2000,0,0,0,0,0,0
TF,SS202,43.157217,39.750700,0, ,0.0,0.0,0.0,0.0,4,8000,3600,0,0,0,0,0
TF,LAMET,43.349722,39.088611,0, ,0.0,0.0,0.0,0.0,2,10000,0,0,0,0,0,0

SID,LATR2A,02,2
CA,0,22.0,2,400,0,0,0,0,0,0
CF,T1,43.459444,39.968056,0,ADL,34.1,0.4,43.0,1.0,1,1100,0,0,0,0,0,0
TF,LATRA,43.481111,39.926389,1, ,0.0,0.0,0.0,0.0,4,2300,1400,0,0,0,0,0
TF,DUKEZ,43.489722,39.845278,0, ,0.0,0.0,0.0,0.0,4,2300,1400,0,0,0,0,0
TF,OTNUD,43.551389,39.670278,0, ,0.0,0.0,0.0,0.0,4,1700,700,0,0,0,0,0

SID,LATR2B,06,2
CA,0,58.0,2,400,0,0,0,0,0,0
CF,T1,43.459444,39.968056,0,ADL,34.1,0.4,29.0,1.0,1,1100,0,0,0,0,0,0
TF,LATRA,43.481111,39.926389,0, ,0.0,0.0,0.0,0.0,4,2300,1400,0,0,0,0,0
TF,DUKEZ,43.489722,39.845278,0, ,0.0,0.0,0.0,0.0,4,2300,1400,0,0,0,0,0
TF,OTNUD,43.551389,39.670278,0, ,0.0,0.0,0.0,0.0,4,1700,700,0,0,0,0,0

SID,LATR2X,20,2
CA,0,202.0,2,750,0,0,0,0,0,0
CF,T10,43.390556,39.948056,0,ADL,182.1,3.9,132.0,1.0,1,1100,0,0,0,0,0,0
TF,ONZEB,43.422222,39.984722,1, ,0.0,0.0,0.0,0.0,4,2300,1000,0,0,0,0,0
TF,T2,43.445000,39.991944,0, ,0.0,0.0,0.0,0.0,4,2300,1400,0,0,0,0,0
TF,T1,43.459444,39.968056,0, ,0.0,0.0,0.0,0.0,1,1400,0,0,0,0,0,0
TF,LATRA,43.481111,39.926389,0, ,0.0,0.0,0.0,0.0,4,2300,1400,0,0,0,0,0
TF,DUKEZ,43.489722,39.845278,0, ,0.0,0.0,0.0,0.0,4,2300,1400,0,0,0,0,0
TF,OTNUD,43.551389,39.670278,0, ,0.0,0.0,0.0,0.0,4,1700,700,0,0,0,0,0

SID,RINU2A,02,2
CA,0,22.0,2,400,0,0,0,0,0,0
CF,T1,43.459444,39.968056,0,ADL,34.1,0.4,43.0,1.0,1,1100,0,0,0,0,0,0
TF,RINUN,43.493611,39.989167,0, ,0.0,0.0,0.0,0.0,4,5300,2300,0,0,0,0,0
TF,KISAL,43.589722,40.011944,0, ,0.0,0.0,0.0,0.0,4,10900,4600,0,0,0,0,0

SID,RINU2B,06,2
CA,0,58.0,2,400,0,0,0,0,0,0
CF,T1,43.459444,39.968056,0,ADL,34.1,0.4,29.0,1.0,1,1100,0,0,0,0,0,0
TF,RINUN,43.493611,39.989167,0, ,0.0,0.0,0.0,0.0,4,5300,2300,0,0,0,0,0
TF,KISAL,43.589722,40.011944,0, ,0.0,0.0,0.0,0.0,4,10900,4600,0,0,0,0,0

SID,RINU2C,20,2
CA,0,202.0,2,750,0,0,0,0,0,0
CF,T10,43.390556,39.948056,0,ADL,182.1,3.9,132.0,1.0,1,1100,0,0,0,0,0,0
TF,ABMIN,43.385278,39.993611,0, ,0.0,0.0,0.0,0.0,4,1400,400,0,0,0,0,0
TF,ONZEB,43.422222,39.984722,1, ,0.0,0.0,0.0,0.0,4,2300,1000,0,0,0,0,0
TF,T2,43.445000,39.991944,0, ,0.0,0.0,0.0,0.0,4,2300,1400,0,0,0,0,0
TF,T1,43.459444,39.968056,0, ,0.0,0.0,0.0,0.0,1,1400,0,0,0,0,0,0
TF,RINUN,43.493611,39.989167,0, ,0.0,0.0,0.0,0.0,4,5300,2300,0,0,0,0,0
TF,KISAL,43.589722,40.011944,0, ,0.0,0.0,0.0,0.0,4,10900,4600,0,0,0,0,0

SID,RINU2D,24,2
CA,0,238.0,2,700,0,0,0,0,0,0
CF,T14,43.450278,39.918333,2,ADL,255.5,1.9,58.0,1.0,1,1600,0,0,0,0,0,0
TF,T1,43.459444,39.968056,0, ,0.0,0.0,0.0,0.0,1,1600,0,0,0,0,0,0
TF,RINUN,43.493611,39.989167,0, ,0.0,0.0,0.0,0.0,4,5300,2300,0,0,0,0,0
TF,KISAL,43.589722,40.011944,0, ,0.0,0.0,0.0,0.0,4,10900,4600,0,0,0,0,0

SID,RINU2S,24,2
CA,0,238.0,2,420,0,0,0,0,0,0
CF,T14,43.450278,39.918333,2,ADL,255.5,1.9,68.0,1.0,1,1600,0,0,0,0,0,0
TF,T1,43.459444,39.968056,0, ,0.0,0.0,0.0,0.0,1,1600,0,0,0,0,0,0
TF,RINUN,43.493611,39.989167,0, ,0.0,0.0,0.0,0.0,4,5300,2300,0,0,0,0,0
TF,KISAL,43.589722,40.011944,0, ,0.0,0.0,0.0,0.0,4,10900,4600,0,0,0,0,0

SID,RINU2X,20,2
CA,0,202.0,2,750,0,0,0,0,0,0
CF,T10,43.390556,39.948056,1,ADL,182.1,3.9,132.0,1.0,1,1100,0,0,0,0,0,0
TF,ONZEB,43.422222,39.984722,1, ,0.0,0.0,0.0,0.0,4,2300,1000,0,0,0,0,0
TF,T2,43.445000,39.991944,0, ,0.0,0.0,0.0,0.0,4,2300,1400,0,0,0,0,0
TF,T1,43.459444,39.968056,0, ,0.0,0.0,0.0,0.0,1,1400,0,0,0,0,0,0
TF,RINUN,43.493611,39.989167,0, ,0.0,0.0,0.0,0.0,4,5300,2300,0,0,0,0,0
TF,KISAL,43.589722,40.011944,0, ,0.0,0.0,0.0,0.0,4,10900,4600,0,0,0,0,0

SID,TABA1C,20,5
DF,DER20,43.434325,39.944572,0, ,0.0,0.0,0,0,0,0,0,0,0,1
CA,0,202.0,2,750,0,0,0,0,0,0
CF,SS201,43.229281,39.887517,0,ADL,186.6,13.9,187.0,12.0,2,2000,0,0,0,0,0,0
TF,TABAN,43.078333,39.601667,0, ,0.0,0.0,0.0,0.0,2,6000,0,0,0,0,0,0

SID,TABA1D,24,5
DF,DER24,43.439461,39.925775,0, ,0.0,0.0,0,0,0,0,0,0,0,1
CA,0,238.0,2,600,0,0,0,0,0,0
CF,NIDEP,43.387606,39.625539,0,ADL,247.9,15.3,249.0,12.0,4,7000,2700,1,235,0,0,0
TF,SS242,43.512361,39.557139,0, ,0.0,0.0,0.0,0.0,4,10000,3600,0,0,0,0,0
TF,SS244,43.527806,39.784667,2, ,0.0,0.0,0.0,0.0,3,11000,0,1,280,0,0,0
TF,SS246,43.388667,39.802056,2, ,0.0,0.0,0.0,0.0,0,0,0,0,0,0,0,0
TF,TABAN,43.078333,39.601667,0, ,0.0,0.0,0.0,0.0,2,8000,0,0,0,0,0,0

SID,TABA1S,24,5
DF,DER24,43.439461,39.925775,0, ,0.0,0.0,0,0,0,0,0,0,0,1
CA,0,238.0,2,600,0,0,0,0,0,0
CF,NIDEP,43.387606,39.625539,0,ADL,247.9,15.3,249.0,12.0,2,2700,0,0,0,0,0,0
TF,SS247,43.231167,39.613444,0, ,0.0,0.0,0.0,0.0,2,6000,0,0,0,0,0,0
TF,TABAN,43.078333,39.601667,0, ,0.0,0.0,0.0,0.0,2,8000,0,0,0,0,0,0

STAR,ABMI2G,06,2
IF,ETIMA,43.356389,39.997222, ,0.0,0.0,4,1400,400,0,0,0,0,0
TF,USIBI,43.379167,39.988889,0, ,0.0,0.0,0.0,0.0,4,1400,400,0,0,0,0,0
TF,ABMIN,43.385278,39.993611,0, ,0.0,0.0,0.0,0.0,4,1400,400,0,0,0,0,0
TF,T10,43.390556,39.948056,1, ,0.0,0.0,0.0,0.0,1,400,0,0,0,0,0,0
TF,T11,43.422222,39.911944,0, ,0.0,0.0,0.0,0.0,1,400,0,0,0,0,0,0
VM,43.444722,39.946944,2,58.0,0,0,0,0,0,0,0,0

STAR,ABMI2H,24,2
IF,ETIMA,43.356389,39.997222, ,0.0,0.0,4,1400,400,0,0,0,0,0
TF,USIBI,43.379167,39.988889,0, ,0.0,0.0,0.0,0.0,4,1400,400,0,0,0,0,0
TF,ABMIN,43.385278,39.993611,0, ,0.0,0.0,0.0,0.0,4,1400,400,0,0,0,0,0
TF,ONZEB,43.422222,39.984722,0, ,0.0,0.0,0.0,0.0,4,2300,1000,0,0,0,0,0
TF,T2,43.445000,39.991944,0, ,0.0,0.0,0.0,0.0,4,2300,1400,0,0,0,0,0
TF,T1,43.459444,39.968056,0, ,0.0,0.0,0.0,0.0,1,1400,0,0,0,0,0,0
TF,T5,43.454722,39.925556,0, ,0.0,0.0,0.0,0.0,4,2300,1800,0,0,0,0,1
CF,T4,43.479722,39.943333,2,ADL,324.6,1.7,58.0,2.0,1,1800,0,0,0,0,0,0
TF,T1,43.459444,39.968056,0, ,0.0,0.0,0.0,0.0,1,1100,0,0,0,0,0,0
VM,43.444722,39.946944,2,238.0,0,0,0,0,0,0,0,0

STAR,ABMI2K,02,2
IF,ETIMA,43.356389,39.997222, ,0.0,0.0,4,1400,400,0,0,0,0,0
TF,USIBI,43.379167,39.988889,0, ,0.0,0.0,0.0,0.0,4,1400,400,0,0,0,0,0
TF,ABMIN,43.385278,39.993611,0, ,0.0,0.0,0.0,0.0,4,1400,400,0,0,0,0,0
TF,T10,43.390556,39.948056,1, ,0.0,0.0,0.0,0.0,1,400,0,0,0,0,0,0
TF,T12,43.406389,39.930000,0, ,0.0,0.0,0.0,0.0,1,400,0,0,0,0,0,1
VM,43.444722,39.946944,0,22.0,0,0,0,0,0,0,0,0

STAR,ABMI2L,06,2
IF,ETIMA,43.356389,39.997222, ,0.0,0.0,4,1400,400,0,0,0,0,0
TF,USIBI,43.379167,39.988889,0, ,0.0,0.0,0.0,0.0,4,1400,400,0,0,0,0,0
TF,ABMIN,43.385278,39.993611,0, ,0.0,0.0,0.0,0.0,4,1400,400,0,0,0,0,0
TF,ONZEB,43.422222,39.984722,0, ,0.0,0.0,0.0,0.0,4,2300,1000,0,0,0,0,0
TF,T2,43.445000,39.991944,0, ,0.0,0.0,0.0,0.0,4,2300,1400,0,0,0,0,0
TF,T1,43.459444,39.968056,0, ,0.0,0.0,0.0,0.0,1,2200,0,0,0,0,0,0
TF,T5,43.454722,39.925556,0, ,0.0,0.0,0.0,0.0,4,2200,1700,0,0,0,0,0
TF,T9,43.446111,39.903333,0, ,0.0,0.0,0.0,0.0,1,1100,0,0,0,0,0,0
VM,43.444722,39.946944,1,58.0,0,0,0,0,0,0,0,0

STAR,ABMI2M,20,2
IF,ETIMA,43.356389,39.997222, ,0.0,0.0,4,1400,400,0,0,0,0,0
TF,USIBI,43.379167,39.988889,0, ,0.0,0.0,0.0,0.0,4,1400,400,0,0,0,0,0
TF,ABMIN,43.385278,39.993611,0, ,0.0,0.0,0.0,0.0,4,1400,400,0,0,0,0,0
TF,ONZEB,43.422222,39.984722,0, ,0.0,0.0,0.0,0.0,4,2300,1000,0,0,0,0,0
TF,T2,43.445000,39.991944,0, ,0.0,0.0,0.0,0.0,4,2300,1400,0,0,0,0,0
TF,T1,43.459444,39.968056,0, ,0.0,0.0,0.0,0.0,1,1100,0,0,0,0,0,0
VM,43.444722,39.946944,1,202.0,0,0,0,0,0,0,0,0

STAR,ABMI2N,24,2
IF,ETIMA,43.356389,39.997222, ,0.0,0.0,4,1400,400,0,0,0,0,0
TF,USIBI,43.379167,39.988889,0, ,0.0,0.0,0.0,0.0,4,1400,400,0,0,0,0,0
TF,ABMIN,43.385278,39.993611,0, ,0.0,0.0,0.0,0.0,4,1400,400,0,0,0,0,0
TF,ONZEB,43.422222,39.984722,0, ,0.0,0.0,0.0,0.0,4,2300,1000,0,0,0,0,0
TF,T2,43.445000,39.991944,0, ,0.0,0.0,0.0,0.0,4,2300,1400,0,0,0,0,0
TF,T6,43.454722,39.977500,0, ,0.0,0.0,0.0,0.0,1,1100,0,0,0,0,0,0
VM,43.444722,39.946944,0,238.0,0,0,0,0,0,0,0,0

STAR,AG1G,ALL,2
IF,AG,44.139444,39.026667, ,0.0,0.0,4,20000,9000,0,0,0,0,0
TF,KOGUL,43.600000,39.174444,0, ,0.0,0.0,0.0,0.0,4,20000,8000,0,0,0,0,0
TF,ADL,43.454472,39.962111,0, ,0.0,0.0,0.0,0.0,1,8000,0,0,0,0,0,0

STAR,AG1H,02,2
IF,AG,44.139444,39.026667, ,0.0,0.0,4,20000,9000,0,0,0,0,0
TF,KOGUL,43.600000,39.174444,0, ,0.0,0.0,0.0,0.0,4,20000,8000,0,0,0,0,0
TF,AD,43.454778,39.960778,0, ,0.0,0.0,0.0,0.0,1,8000,0,0,0,0,0,0

STAR,AG1J,06,2
IF,AG,44.139444,39.026667, ,0.0,0.0,4,20000,9000,0,0,0,0,0
TF,KOGUL,43.600000,39.174444,0, ,0.0,0.0,0.0,0.0,4,20000,8000,0,0,0,0,0
TF,AD,43.454778,39.960778,0, ,0.0,0.0,0.0,0.0,1,8000,0,0,0,0,0,0

STAR,AG1K,02,5
IF,AG,44.139444,39.026667, ,0.0,0.0,4,20000,9000,0,0,0,0,0
TF,KOGUL,43.600000,39.174444,0, ,0.0,0.0,0.0,0.0,4,20000,11000,0,0,0,0,0

STAR,AG1L,06,5
IF,AG,44.139444,39.026667, ,0.0,0.0,4,20000,9000,0,0,0,0,0
TF,KOGUL,43.600000,39.174444,0, ,0.0,0.0,0.0,0.0,4,10000,6000,0,0,0,0,0

STAR,BANU1G,ALL,2
IF,BANUT,42.990000,39.983333, ,0.0,0.0,4,20000,12000,0,0,0,0,0
TF,PITOP,43.038889,39.773611,0, ,0.0,0.0,0.0,0.0,0,0,0,0,0,0,0,0
TF,ADL,43.454472,39.962111,0, ,0.0,0.0,0.0,0.0,1,8000,0,0,0,0,0,0

STAR,BANU1H,02,2
IF,BANUT,42.990000,39.983333, ,0.0,0.0,4,20000,12000,0,0,0,0,0
TF,PITOP,43.038889,39.773611,0, ,0.0,0.0,0.0,0.0,4,20000,6000,0,0,0,0,0
TF,AD,43.454778,39.960778,0, ,0.0,0.0,0.0,0.0,1,8000,0,0,0,0,0,0

STAR,BANU1J,06,2
IF,BANUT,42.990000,39.983333, ,0.0,0.0,4,20000,12000,0,0,0,0,0
TF,PITOP,43.038889,39.773611,0, ,0.0,0.0,0.0,0.0,4,20000,6000,0,0,0,0,0
TF,AD,43.454778,39.960778,0, ,0.0,0.0,0.0,0.0,1,8000,0,0,0,0,0,0

STAR,BANU1K,02,5
IF,BANUT,42.990000,39.983333, ,0.0,0.0,4,20000,12000,0,0,0,0,0
TF,PITOP,43.038889,39.773611,0, ,0.0,0.0,0.0,0.0,4,8000,6000,0,0,0,0,0

STAR,BANU1L,06,5
IF,BANUT,42.990000,39.983333, ,0.0,0.0,4,20000,12000,0,0,0,0,0
TF,PITOP,43.038889,39.773611,0, ,0.0,0.0,0.0,0.0,4,17000,10000,0,0,0,0,0

STAR,BINO1G,ALL,2
IF,BINOL,43.688258,40.108606, ,0.0,0.0,4,20000,18000,0,0,0,0,0
TF,ABRIG,43.586111,40.044444,0, ,0.0,0.0,0.0,0.0,4,20000,17000,0,0,0,0,0
TF,ADL,43.454472,39.962111,0, ,0.0,0.0,0.0,0.0,0,0,0,0,0,0,0,0
TF,PITOP,43.038889,39.773611,0, ,0.0,0.0,0.0,0.0,0,0,0,0,0,0,0,0
TF,ADL,43.454472,39.962111,0, ,0.0,0.0,0.0,0.0,1,8000,0,0,0,0,0,0

STAR,BINO1H,02,2
IF,BINOL,43.688258,40.108606, ,0.0,0.0,4,20000,18000,0,0,0,0,0
TF,AD,43.454778,39.960778,0, ,0.0,0.0,0.0,0.0,1,13000,0,0,0,0,0,0

STAR,BINO1J,06,2
IF,BINOL,43.688258,40.108606, ,0.0,0.0,4,20000,18000,0,0,0,0,0
TF,AD,43.454778,39.960778,0, ,0.0,0.0,0.0,0.0,1,13000,0,0,0,0,0,0

STAR,BINO1K,02,5
IF,BINOL,43.688258,40.108606, ,0.0,0.0,1,20000,0,0,0,0,0,0
TF,ABRIG,43.586111,40.044444,0, ,0.0,0.0,0.0,0.0,4,20000,18000,0,0,0,0,0
TF,ADL,43.454472,39.962111,0, ,0.0,0.0,0.0,0.0,4,20000,16000,0,0,0,0,0
TF,PITOP,43.038889,39.773611,0, ,0.0,0.0,0.0,0.0,4,8000,6000,0,0,0,0,0

STAR,BINO1L,06,5
IF,BINOL,43.688258,40.108606, ,0.0,0.0,1,20000,0,0,0,0,0,0
TF,ABRIG,43.586111,40.044444,0, ,0.0,0.0,0.0,0.0,4,20000,18000,0,0,0,0,0
TF,ADL,43.454472,39.962111,0, ,0.0,0.0,0.0,0.0,4,20000,16000,0,0,0,0,0
TF,PITOP,43.038889,39.773611,0, ,0.0,0.0,0.0,0.0,4,17000,10000,0,0,0,0,0

STAR,DIRU1G,ALL,2
IF,DIRUN,43.086389,38.171944, ,0.0,0.0,1,20000,0,0,0,0,0,0
TF,GOKIN,43.148056,39.296389,0, ,0.0,0.0,0.0,0.0,4,17000,8000,0,0,0,0,0
TF,ADL,43.454472,39.962111,0, ,0.0,0.0,0.0,0.0,1,8000,0,0,0,0,0,0

STAR,DIRU1H,02,2
IF,DIRUN,43.086389,38.171944, ,0.0,0.0,1,20000,0,0,0,0,0,0
TF,GOKIN,43.148056,39.296389,0, ,0.0,0.0,0.0,0.0,4,17000,8000,0,0,0,0,0
TF,AD,43.454778,39.960778,0, ,0.0,0.0,0.0,0.0,1,8000,0,0,0,0,0,0

STAR,DIRU1J,06,2
IF,DIRUN,43.086389,38.171944, ,0.0,0.0,1,20000,0,0,0,0,0,0
TF,GOKIN,43.148056,39.296389,0, ,0.0,0.0,0.0,0.0,4,17000,8000,0,0,0,0,0
TF,AD,43.454778,39.960778,0, ,0.0,0.0,0.0,0.0,1,8000,0,0,0,0,0,0

STAR,DIRU1K,02,5
IF,DIRUN,43.086389,38.171944, ,0.0,0.0,1,20000,0,0,0,0,0,0
TF,GOKIN,43.148056,39.296389,0, ,0.0,0.0,0.0,0.0,4,10000,6000,0,0,0,0,0

STAR,DIRU1L,06,5
IF,DIRUN,43.086389,38.171944, ,0.0,0.0,1,20000,0,0,0,0,0,0
TF,GOKIN,43.148056,39.296389,0, ,0.0,0.0,0.0,0.0,4,10000,6000,0,0,0,0,0

STAR,DUKE2G,OTNUD,1
IF,OTNUD,43.551389,39.670278, ,0.0,0.0,4,1700,700,0,0,0,0,0
TF,DUKEZ,43.489722,39.845278,0, ,0.0,0.0,0.0,0.0,4,1700,700,0,0,0,0,0

STAR,DUKE2G,06,2
IF,DUKEZ,43.489722,39.845278, ,0.0,0.0,4,1700,700,0,0,0,0,0
VM,0,0,0,128.0,1,400,0,0,0,0,0,0
VM,43.444722,39.946944,0,58.0,0,0,0,0,0,0,0,0

STAR,DUKE2K,OTNUD,1
IF,OTNUD,43.551389,39.670278, ,0.0,0.0,4,1700,700,0,0,0,0,0
TF,DUKEZ,43.489722,39.845278,0, ,0.0,0.0,0.0,0.0,4,1700,700,0,0,0,0,0

STAR,DUKE2K,02,2
IF,DUKEZ,43.489722,39.845278, ,0.0,0.0,4,1700,700,0,0,0,0,0
TF,T13,43.417500,39.915000,0, ,0.0,0.0,0.0,0.0,1,400,0,0,0,0,0,1
VM,43.444722,39.946944,1,22.0,0,0,0,0,0,0,0,0

STAR,DUKE2L,OTNUD,1
IF,OTNUD,43.551389,39.670278, ,0.0,0.0,4,1700,700,0,0,0,0,0
TF,DUKEZ,43.489722,39.845278,0, ,0.0,0.0,0.0,0.0,4,1700,700,0,0,0,0,0

STAR,DUKE2L,06,2
IF,DUKEZ,43.489722,39.845278, ,0.0,0.0,4,1700,700,0,0,0,0,0
VM,0,0,0,137.0,1,400,0,0,0,0,0,0
VM,43.444722,39.946944,0,58.0,0,0,0,0,0,0,0,0

STAR,KARA1G,ALL,2
IF,KARAT,42.681389,39.270278, ,0.0,0.0,4,20000,8000,0,0,0,0,0
TF,GOKIN,43.148056,39.296389,0, ,0.0,0.0,0.0,0.0,4,17000,8000,0,0,0,0,0
TF,ADL,43.454472,39.962111,0, ,0.0,0.0,0.0,0.0,1,8000,0,0,0,0,0,0

STAR,KARA1H,02,2
IF,KARAT,42.681389,39.270278, ,0.0,0.0,4,20000,8000,0,0,0,0,0
TF,GOKIN,43.148056,39.296389,0, ,0.0,0.0,0.0,0.0,4,17000,8000,0,0,0,0,0
TF,AD,43.454778,39.960778,0, ,0.0,0.0,0.0,0.0,1,8000,0,0,0,0,0,0

STAR,KARA1J,06,2
IF,KARAT,42.681389,39.270278, ,0.0,0.0,4,20000,8000,0,0,0,0,0
TF,GOKIN,43.148056,39.296389,0, ,0.0,0.0,0.0,0.0,4,17000,8000,0,0,0,0,0
TF,AD,43.454778,39.960778,0, ,0.0,0.0,0.0,0.0,1,8000,0,0,0,0,0,0

STAR,KARA1K,02,5
IF,KARAT,42.681389,39.270278, ,0.0,0.0,4,20000,6000,0,0,0,0,0
TF,GOKIN,43.148056,39.296389,0, ,0.0,0.0,0.0,0.0,4,10000,6000,0,0,0,0,0

STAR,KARA1L,06,5
IF,KARAT,42.681389,39.270278, ,0.0,0.0,4,20000,6000,0,0,0,0,0
TF,GOKIN,43.148056,39.296389,0, ,0.0,0.0,0.0,0.0,4,10000,6000,0,0,0,0,0

STAR,LATR2M,OTNUD,1
IF,OTNUD,43.551389,39.670278, ,0.0,0.0,4,1700,700,0,0,0,0,0
TF,DUKEZ,43.489722,39.845278,0, ,0.0,0.0,0.0,0.0,4,2300,1400,0,0,0,0,0

STAR,LATR2M,20,2
IF,DUKEZ,43.489722,39.845278, ,0.0,0.0,4,2300,1400,0,0,0,0,0
TF,LATRA,43.481111,39.926389,0, ,0.0,0.0,0.0,0.0,4,2300,1400,0,0,0,0,0
TF,T7,43.464444,39.956111,0, ,0.0,0.0,0.0,0.0,1,1100,0,0,0,0,0,0
VM,43.444722,39.946944,2,202.0,0,0,0,0,0,0,0,0

STAR,LATR2N,OTNUD,1
IF,OTNUD,43.551389,39.670278, ,0.0,0.0,4,1700,700,0,0,0,0,0
TF,DUKEZ,43.489722,39.845278,0, ,0.0,0.0,0.0,0.0,4,2300,1400,0,0,0,0,0

STAR,LATR2N,24,2
IF,DUKEZ,43.489722,39.845278, ,0.0,0.0,4,2300,1400,0,0,0,0,0
TF,LATRA,43.481111,39.926389,0, ,0.0,0.0,0.0,0.0,4,2300,1400,0,0,0,0,0
TF,T4,43.479722,39.943333,0, ,0.0,0.0,0.0,0.0,1,1800,0,0,0,0,0,0
CF,T1,43.459444,39.968056,0,ADL,34.1,0.4,138.0,1.0,1,1100,0,0,0,0,0,0
VM,43.444722,39.946944,2,238.0,0,0,0,0,0,0,0,0

STAR,MOBI1G,ALL,2
IF,MOBIT,43.939722,38.735000, ,0.0,0.0,4,20000,7000,0,0,0,0,0
TF,KOGUL,43.600000,39.174444,0, ,0.0,0.0,0.0,0.0,4,20000,8000,0,0,0,0,0
TF,ADL,43.454472,39.962111,0, ,0.0,0.0,0.0,0.0,1,8000,0,0,0,0,0,0

STAR,MOBI1H,02,2
IF,MOBIT,43.939722,38.735000, ,0.0,0.0,4,20000,7000,0,0,0,0,0
TF,KOGUL,43.600000,39.174444,0, ,0.0,0.0,0.0,0.0,4,20000,8000,0,0,0,0,0
TF,AD,43.454778,39.960778,0, ,0.0,0.0,0.0,0.0,1,8000,0,0,0,0,0,0

STAR,MOBI1J,06,2
IF,MOBIT,43.939722,38.735000, ,0.0,0.0,4,20000,7000,0,0,0,0,0
TF,KOGUL,43.600000,39.174444,0, ,0.0,0.0,0.0,0.0,4,20000,8000,0,0,0,0,0
TF,AD,43.454778,39.960778,0, ,0.0,0.0,0.0,0.0,1,8000,0,0,0,0,0,0

STAR,MOBI1K,02,5
IF,MOBIT,43.939722,38.735000, ,0.0,0.0,4,20000,9000,0,0,0,0,0
TF,KOGUL,43.600000,39.174444,0, ,0.0,0.0,0.0,0.0,4,20000,11000,0,0,0,0,0

STAR,MOBI1L,06,5
IF,MOBIT,43.939722,38.735000, ,0.0,0.0,4,20000,5000,0,0,0,0,0
TF,KOGUL,43.600000,39.174444,0, ,0.0,0.0,0.0,0.0,4,10000,6000,0,0,0,0,0

STAR,RINU2E,02,2
IF,KISAL,43.589722,40.011944, ,0.0,0.0,4,10900,4600,0,0,0,0,0
TF,RINUN,43.493611,39.989167,0, ,0.0,0.0,0.0,0.0,4,5300,2300,0,0,0,0,0
TF,T1,43.459444,39.968056,0, ,0.0,0.0,0.0,0.0,1,1400,0,0,0,0,0,0
TF,T2,43.445000,39.991944,0, ,0.0,0.0,0.0,0.0,4,2300,1400,0,0,0,0,0
VM,0,0,2,216.0,1,1100,0,0,0,0,0,0
VM,43.444722,39.946944,2,22.0,0,0,0,0,0,0,0,0

STAR,RINU2G,06,2
IF,KISAL,43.589722,40.011944, ,0.0,0.0,4,10900,4600,0,0,0,0,0
TF,RINUN,43.493611,39.989167,0, ,0.0,0.0,0.0,0.0,4,5300,2300,0,0,0,0,0
TF,T1,43.459444,39.968056,0, ,0.0,0.0,0.0,0.0,1,2200,0,0,0,0,0,0
TF,T5,43.454722,39.925556,0, ,0.0,0.0,0.0,0.0,4,2200,1700,0,0,0,0,0
TF,T9,43.446111,39.903333,0, ,0.0,0.0,0.0,0.0,1,1100,0,0,0,0,0,1
VM,43.444722,39.946944,1,58.0,1,400,0,0,0,0,0,0

STAR,RINU2H,24,2
IF,KISAL,43.589722,40.011944, ,0.0,0.0,4,10900,4600,0,0,0,0,0
TF,RINUN,43.493611,39.989167,0, ,0.0,0.0,0.0,0.0,4,5300,2300,0,0,0,0,0
TF,T1,43.459444,39.968056,0, ,0.0,0.0,0.0,0.0,1,1400,0,0,0,0,0,0
TF,T5,43.454722,39.925556,0, ,0.0,0.0,0.0,0.0,4,2300,1800,0,0,0,0,1
CF,T4,43.479722,39.943333,2,ADL,324.6,1.7,58.0,2.0,1,1800,0,0,0,0,0,0
TF,T1,43.459444,39.968056,0, ,0.0,0.0,0.0,0.0,1,1100,0,0,0,0,0,0
VM,43.444722,39.946944,2,238.0,0,0,0,0,0,0,0,0

STAR,RINU2K,02,2
IF,KISAL,43.589722,40.011944, ,0.0,0.0,4,10900,4600,0,0,0,0,0
TF,RINUN,43.493611,39.989167,0, ,0.0,0.0,0.0,0.0,4,5300,2300,0,0,0,0,0
TF,T1,43.459444,39.968056,0, ,0.0,0.0,0.0,0.0,1,1400,0,0,0,0,0,0
TF,T2,43.445000,39.991944,0, ,0.0,0.0,0.0,0.0,4,2300,1400,0,0,0,0,0
TF,ONZEB,43.422222,39.984722,0, ,0.0,0.0,0.0,0.0,4,2300,1000,0,0,0,0,0
TF,ABMIN,43.385278,39.993611,0, ,0.0,0.0,0.0,0.0,4,1400,400,0,0,0,0,0
TF,T10,43.390556,39.948056,2, ,0.0,0.0,0.0,0.0,1,400,0,0,0,0,0,0
TF,T12,43.406389,39.930000,0, ,0.0,0.0,0.0,0.0,1,400,0,0,0,0,0,1
VM,43.444722,39.946944,0,22.0,0,0,0,0,0,0,0,0

STAR,RINU2L,06,2
IF,KISAL,43.589722,40.011944, ,0.0,0.0,4,10900,4600,0,0,0,0,0
TF,RINUN,43.493611,39.989167,0, ,0.0,0.0,0.0,0.0,4,5300,2300,0,0,0,0,0
TF,T1,43.459444,39.968056,0, ,0.0,0.0,0.0,0.0,1,2200,0,0,0,0,0,0
TF,T5,43.454722,39.925556,0, ,0.0,0.0,0.0,0.0,4,2200,1700,0,0,0,0,0
TF,T9,43.446111,39.903333,0, ,0.0,0.0,0.0,0.0,1,1100,0,0,0,0,0,1
VM,43.444722,39.946944,1,58.0,0,0,0,0,0,0,0,0

STAR,RINU2M,20,2
IF,KISAL,43.589722,40.011944, ,0.0,0.0,4,10900,4600,0,0,0,0,0
TF,RINUN,43.493611,39.989167,0, ,0.0,0.0,0.0,0.0,4,5300,2300,0,0,0,0,0
TF,T1,43.459444,39.968056,0, ,0.0,0.0,0.0,0.0,1,1100,0,0,0,0,0,0
VM,43.444722,39.946944,0,202.0,0,0,0,0,0,0,0,0

STAR,RINU2N,24,2
IF,KISAL,43.589722,40.011944, ,0.0,0.0,4,10900,4600,0,0,0,0,0
TF,RINUN,43.493611,39.989167,0, ,0.0,0.0,0.0,0.0,4,5300,2300,0,0,0,0,0
TF,T1,43.459444,39.968056,0, ,0.0,0.0,0.0,0.0,1,1100,0,0,0,0,0,0
VM,43.444722,39.946944,0,238.0,0,0,0,0,0,0,0,0

APPTR,D02-Y,02,ADL
IF,ADL,43.454472,39.962111, ,0.0,0.0,1,8000,0,0,0,0,1,0
CF,D191O,43.219783,39.857861,0,ADL,191.0,14.8,203.0,15.0,2,3600,0,1,190,0,0,1
CF,CD02Y,43.243575,39.795647,2,ADL,203.0,14.6,23.0,1.0,2,3600,0,0,0,0,1,0

FINAL,D02-Y,02,D,3
IF,CD02Y,43.243575,39.795647,ADL,203.0,14.6,2,3600,0,0,0,0,0,0
CF,FD02,43.341831,39.873033,0,ADL,203.0,7.8,23.0,6.8,1,2000,0,0,0,0,2,0
CF,MD02,43.402492,39.920958,0,ADL,203.0,3.6,23.0,4.2,1,753,0,0,0,0,3,1
CI,2, ,0.0,210.0,0,0,0,1,190,0,0,0
FD,ADL,43.454472,39.962111,0,ADL,0.0,17.3,185.0,17.3,0,0,0,0,0,0,0,0
CI,0, ,0.0,235.0,0,0,0,0,0,0,0,0
CF,PITOP,43.038889,39.773611,0,ADL,191.4,26.3,191.0,8.0,4,20000,6000,0,0,0,0,0

APPTR,D06-Y,06,ADL
IF,ADL,43.454472,39.962111, ,0.0,0.0,1,8000,0,0,0,0,1,0
CF,D223P,43.288203,39.688017,0,ADL,223.4,15.6,236.0,15.0,2,3600,0,1,200,0,0,1
CF,CD06Y,43.340544,39.656861,2,ADL,236.0,15.0,56.0,1.0,2,3600,0,0,0,0,1,0

FINAL,D06-Y,06,D,3
IF,CD06Y,43.340544,39.656861,ADL,236.0,15.0,2,3600,0,0,0,0,0,0
CF,FD06,43.391533,39.793064,0,ADL,236.0,8.3,56.0,6.7,1,2000,0,0,0,0,2,0
CF,MD06,43.429478,39.894856,0,ADL,236.0,3.3,56.0,5.0,1,539,0,0,0,0,3,1
CI,2, ,0.0,221.0,0,0,0,1,205,0,0,0
CF,PITOP,43.038889,39.773611,0,ADL,191.4,26.3,191.0,22.0,4,20000,6000,0,0,0,0,0

APPTR,J02,02,GOKIN
IF,GOKIN,43.148056,39.296389, ,0.0,0.0,4,10000,6000,0,0,0,1,0
TF,SS024,43.188722,39.469639,0, ,0.0,0.0,0.0,0.0,3,6000,0,0,0,0,0,0
TF,SS023,43.229333,39.644111,0, ,0.0,0.0,0.0,0.0,0,0,0,0,0,0,0,0
TF,SS022,43.270361,39.821750,0,G02A,0.0,0.0,0.0,0.0,2,2000,0,0,0,0,1,0

APPTR,J02,02,KOGU1
IF,KOGUL,43.600000,39.174444, ,0.0,0.0,4,20000,11000,0,0,0,1,0
TF,SS026,43.354639,39.205444,0, ,0.0,0.0,0.0,0.0,2,11000,0,0,0,0,0,0
TF,GOKIN,43.148056,39.296389,0, ,0.0,0.0,0.0,0.0,4,10000,6000,0,0,0,0,0
TF,SS024,43.188722,39.469639,0, ,0.0,0.0,0.0,0.0,3,6000,0,0,0,0,0,0
TF,SS023,43.229333,39.644111,0, ,0.0,0.0,0.0,0.0,0,0,0,0,0,0,0,0
TF,SS022,43.270361,39.821750,0,G02A,0.0,0.0,0.0,0.0,2,2000,0,0,0,0,1,0

APPTR,J02,02,KOGU2
IF,KOGUL,43.600000,39.174444, ,0.0,0.0,4,20000,11000,0,0,0,1,0
TF,SS024,43.188722,39.469639,0, ,0.0,0.0,0.0,0.0,3,6000,0,0,0,0,0,0
TF,SS023,43.229333,39.644111,0, ,0.0,0.0,0.0,0.0,0,0,0,0,0,0,0,0
TF,SS022,43.270361,39.821750,0,G02A,0.0,0.0,0.0,0.0,2,2000,0,0,0,0,1,0

APPTR,J02,02,KOGU3
IF,KOGUL,43.600000,39.174444, ,0.0,0.0,4,20000,11000,0,0,0,1,0
TF,SS023,43.229333,39.644111,0, ,0.0,0.0,0.0,0.0,0,0,0,0,0,0,0,0
TF,SS022,43.270361,39.821750,0,G02A,0.0,0.0,0.0,0.0,2,2000,0,0,0,0,1,0

APPTR,J02,02,PITO1
IF,PITOP,43.038889,39.773611, ,0.0,0.0,4,11000,6000,0,0,0,1,0
TF,TABAN,43.078333,39.601667,0, ,0.0,0.0,0.0,0.0,0,0,0,0,0,0,0,0
TF,SS068,43.110667,39.460889,0, ,0.0,0.0,0.0,0.0,0,0,0,0,0,0,0,0
TF,SS024,43.188722,39.469639,0, ,0.0,0.0,0.0,0.0,3,6000,0,0,0,0,0,0
TF,SS023,43.229333,39.644111,0, ,0.0,0.0,0.0,0.0,0,0,0,0,0,0,0,0
TF,SS022,43.270361,39.821750,0,G02A,0.0,0.0,0.0,0.0,2,2000,0,0,0,0,1,0

APPTR,J02,02,PITO2
IF,PITOP,43.038889,39.773611, ,0.0,0.0,4,11000,6000,0,0,0,1,0
TF,TABAN,43.078333,39.601667,0, ,0.0,0.0,0.0,0.0,0,0,0,0,0,0,0,0
TF,SS023,43.229333,39.644111,0, ,0.0,0.0,0.0,0.0,0,0,0,0,0,0,0,0
TF,SS022,43.270361,39.821750,0,G02A,0.0,0.0,0.0,0.0,2,2000,0,0,0,0,1,0

APPTR,J02,02,PITO3
IF,PITOP,43.038889,39.773611, ,0.0,0.0,4,11000,6000,0,0,0,1,0
TF,SS022,43.270361,39.821750,0,G02A,0.0,0.0,0.0,0.0,2,2000,0,0,0,0,1,0

FINAL,J02,02,G,3
IF,SS022,43.270361,39.821750,G02A,0.0,0.0,2,2000,0,0,0,0,0,0
TF,SS028,43.341917,39.875267,0,G02A,0.0,0.0,22.0,4.9,1,2000,0,0,0,0,2,0
TF,MJ02,43.392647,39.913283,0,G02A,0.0,0.0,22.0,3.5,1,960,0,0,0,0,3,1
DF,SS030,43.204069,39.901444,2, ,0.0,0.0,0,0,0,1,190,0,0,0
TF,PITOP,43.038889,39.773611,0, ,0.0,0.0,0.0,0.0,4,20000,6000,0,0,0,0,0

APPTR,J06,06,GOKIN
IF,GOKIN,43.148056,39.296389, ,0.0,0.0,4,10000,6000,0,0,0,1,0
TF,SS067,43.263250,39.411944,0, ,0.0,0.0,0.0,0.0,2,4000,0,0,0,0,0,0
TF,SS063,43.309306,39.545750,0, ,0.0,0.0,0.0,0.0,2,3000,0,0,0,0,0,0
TF,SS062,43.354994,39.679886,0,G06A,0.0,0.0,0.0,0.0,2,2000,0,0,0,0,1,0

APPTR,J06,06,KOGU1
IF,KOGUL,43.600000,39.174444, ,0.0,0.0,4,10000,6000,0,0,0,1,0
TF,SS067,43.263250,39.411944,0, ,0.0,0.0,0.0,0.0,2,4000,0,0,0,0,0,0
TF,SS063,43.309306,39.545750,0, ,0.0,0.0,0.0,0.0,2,3000,0,0,0,0,0,0
TF,SS062,43.354994,39.679886,0,G06A,0.0,0.0,0.0,0.0,2,2000,0,0,0,0,1,0

APPTR,J06,06,KOGU2
IF,KOGUL,43.600000,39.174444, ,0.0,0.0,4,10000,6000,0,0,0,1,0
TF,SS063,43.309306,39.545750,0, ,0.0,0.0,0.0,0.0,2,3000,0,0,0,0,0,0
TF,SS062,43.354994,39.679886,0,G06A,0.0,0.0,0.0,0.0,2,2000,0,0,0,0,1,0

APPTR,J06,06,KOGU3
IF,KOGUL,43.600000,39.174444, ,0.0,0.0,4,10000,6000,0,0,0,1,0
TF,SS062,43.354994,39.679886,0,G06A,0.0,0.0,0.0,0.0,2,2000,0,0,0,0,1,0

APPTR,J06,06,PITO1
IF,PITOP,43.038889,39.773611, ,0.0,0.0,4,17000,10000,0,0,0,1,0
TF,TABAN,43.078333,39.601667,0, ,0.0,0.0,0.0,0.0,2,10000,0,0,0,0,0,0
TF,SS068,43.110667,39.460889,0, ,0.0,0.0,0.0,0.0,2,9000,0,0,0,0,0,0
TF,SS067,43.263250,39.411944,0, ,0.0,0.0,0.0,0.0,2,4000,0,0,0,0,0,0
TF,SS063,43.309306,39.545750,0, ,0.0,0.0,0.0,0.0,2,3000,0,0,0,0,0,0
TF,SS062,43.354994,39.679886,0,G06A,0.0,0.0,0.0,0.0,2,2000,0,0,0,0,1,0

APPTR,J06,06,PITO2
IF,PITOP,43.038889,39.773611, ,0.0,0.0,4,17000,10000,0,0,0,1,0
TF,TABAN,43.078333,39.601667,0, ,0.0,0.0,0.0,0.0,2,10000,0,0,0,0,0,0
TF,SS063,43.309306,39.545750,0, ,0.0,0.0,0.0,0.0,2,3000,0,0,0,0,0,0
TF,SS062,43.354994,39.679886,0,G06A,0.0,0.0,0.0,0.0,2,2000,0,0,0,0,1,0

APPTR,J06,06,PITO3
IF,PITOP,43.038889,39.773611, ,0.0,0.0,4,17000,10000,0,0,0,1,0
TF,SS066,43.249528,39.710833,0, ,0.0,0.0,0.0,0.0,0,0,0,0,0,0,0,0
TF,SS062,43.354994,39.679886,0,G06A,0.0,0.0,0.0,0.0,2,2000,0,0,0,0,1,0

FINAL,J06,06,G,3
IF,SS062,43.354994,39.679886,G06A,0.0,0.0,2,2000,0,0,0,0,0,0
TF,SS071,43.394439,39.794544,0,G06A,0.0,0.0,58.0,5.6,1,2000,0,0,0,0,2,0
TF,MA06,43.423861,39.880231,0,G06A,0.0,0.0,58.0,4.1,1,756,0,0,0,0,3,1
DF,SS069,43.275306,39.880517,2, ,0.0,0.0,0,0,0,1,190,0,0,0
TF,PITOP,43.038889,39.773611,0, ,0.0,0.0,0.0,0.0,4,17000,10000,0,0,0,0,0

APPTR,L02-Y,02,ADL
IF,ADL,43.454472,39.962111, ,0.0,0.0,1,8000,0,0,0,0,1,0
CF,D191O,43.219783,39.857861,0,ADL,191.0,14.8,202.0,14.0,2,3600,0,1,190,0,0,1
CF,CI02Y,43.241283,39.800072,2,IAD,201.7,14.6,22.0,1.0,2,3600,0,0,0,0,0,0

FINAL,L02-Y,02,D,3
IF,CI02Y,43.241283,39.800072,IAD,201.7,14.6,2,3600,0,0,0,0,0,0
CF,FF02,43.340783,39.874419,0,IAD,201.7,7.8,22.0,6.8,1,2000,0,0,0,0,2,0
CF,ML02,43.402214,39.920461,0,IAD,201.7,3.6,22.0,4.2,1,761,0,0,0,0,3,1
CI,2, ,0.0,210.0,0,0,0,1,190,0,0,0
FD,ADL,43.454472,39.962111,0,ADL,0.0,17.3,185.0,17.3,0,0,0,0,0,0,0,0
CI,0, ,0.0,235.0,0,0,0,0,0,0,0,0
CF,PITOP,43.038889,39.773611,0,ADL,191.4,26.3,191.0,8.0,4,20000,6000,0,0,0,0,0

APPTR,L02-Z,02,GOKIN
IF,GOKIN,43.148056,39.296389, ,0.0,0.0,4,10000,6000,0,0,0,1,0
TF,SS024,43.188722,39.469639,0, ,0.0,0.0,0.0,0.0,3,6000,0,0,0,0,0,0
TF,SS023,43.229333,39.644111,0, ,0.0,0.0,0.0,0.0,0,0,0,0,0,0,0,0
TF,SS022,43.270361,39.821750,0,IAD,0.0,0.0,0.0,0.0,2,2000,0,0,0,0,1,0

APPTR,L02-Z,02,KOGU1
IF,KOGUL,43.600000,39.174444, ,0.0,0.0,4,20000,11000,0,0,0,1,0
TF,SS026,43.354639,39.205444,0, ,0.0,0.0,0.0,0.0,2,11000,0,0,0,0,0,0
TF,GOKIN,43.148056,39.296389,0, ,0.0,0.0,0.0,0.0,4,10000,6000,0,0,0,0,0
TF,SS024,43.188722,39.469639,0, ,0.0,0.0,0.0,0.0,3,6000,0,0,0,0,0,0
TF,SS023,43.229333,39.644111,0, ,0.0,0.0,0.0,0.0,0,0,0,0,0,0,0,0
TF,SS022,43.270361,39.821750,0,IAD,0.0,0.0,0.0,0.0,2,2000,0,0,0,0,1,0

APPTR,L02-Z,02,KOGU2
IF,KOGUL,43.600000,39.174444, ,0.0,0.0,4,20000,11000,0,0,0,1,0
TF,SS024,43.188722,39.469639,0, ,0.0,0.0,0.0,0.0,3,6000,0,0,0,0,0,0
TF,SS023,43.229333,39.644111,0, ,0.0,0.0,0.0,0.0,0,0,0,0,0,0,0,0
TF,SS022,43.270361,39.821750,0,IAD,0.0,0.0,0.0,0.0,2,2000,0,0,0,0,1,0

APPTR,L02-Z,02,KOGU3
IF,KOGUL,43.600000,39.174444, ,0.0,0.0,4,20000,11000,0,0,0,1,0
TF,SS023,43.229333,39.644111,0, ,0.0,0.0,0.0,0.0,0,0,0,0,0,0,0,0
TF,SS022,43.270361,39.821750,0,IAD,0.0,0.0,0.0,0.0,2,2000,0,0,0,0,1,0

APPTR,L02-Z,02,PITO1
IF,PITOP,43.038889,39.773611, ,0.0,0.0,4,11000,6000,0,0,0,1,0
TF,TABAN,43.078333,39.601667,0, ,0.0,0.0,0.0,0.0,0,0,0,0,0,0,0,0
TF,SS068,43.110667,39.460889,0, ,0.0,0.0,0.0,0.0,0,0,0,0,0,0,0,0
TF,SS024,43.188722,39.469639,0, ,0.0,0.0,0.0,0.0,3,6000,0,0,0,0,0,0
TF,SS023,43.229333,39.644111,0, ,0.0,0.0,0.0,0.0,0,0,0,0,0,0,0,0
TF,SS022,43.270361,39.821750,0,IAD,0.0,0.0,0.0,0.0,2,2000,0,0,0,0,1,0

APPTR,L02-Z,02,PITO2
IF,PITOP,43.038889,39.773611, ,0.0,0.0,4,11000,6000,0,0,0,1,0
TF,TABAN,43.078333,39.601667,0, ,0.0,0.0,0.0,0.0,0,0,0,0,0,0,0,0
TF,SS023,43.229333,39.644111,0, ,0.0,0.0,0.0,0.0,0,0,0,0,0,0,0,0
TF,SS022,43.270361,39.821750,0,IAD,0.0,0.0,0.0,0.0,2,2000,0,0,0,0,1,0

APPTR,L02-Z,02,PITO3
IF,PITOP,43.038889,39.773611, ,0.0,0.0,4,11000,6000,0,0,0,1,0
TF,SS022,43.270361,39.821750,0,IAD,0.0,0.0,0.0,0.0,2,2000,0,0,0,0,1,0

FINAL,L02-Z,02,D,3
IF,SS022,43.270361,39.821750,IAD,201.7,12.6,2,2000,0,0,0,0,0,0
CF,FF02,43.340783,39.874419,0,IAD,201.7,7.8,22.0,4.8,1,2000,0,0,0,0,2,0
CF,ML02,43.402214,39.920461,0,IAD,201.7,3.6,22.0,4.2,1,761,0,0,0,0,3,1
DF,SS030,43.204069,39.901444,2, ,0.0,0.0,0,0,0,1,190,0,0,0
TF,PITOP,43.038889,39.773611,0, ,0.0,0.0,0.0,0.0,4,20000,6000,0,0,0,0,0

APPTR,L06-Y,06,ADL
IF,ADL,43.454472,39.962111, ,0.0,0.0,1,8000,0,0,0,0,1,0
CF,D225P,43.295286,39.680211,0,ADL,225.4,15.6,237.0,15.0,2,3600,0,1,200,0,0,1
CF,CI06Y,43.345628,39.652958,2,ISO,237.9,15.2,58.0,1.0,2,3600,0,0,0,0,1,0

FINAL,L06-Y,06,D,3
IF,CI06Y,43.345628,39.652958,ISO,237.9,15.2,2,3600,0,0,0,0,0,0
CF,FF06,43.394772,39.795508,0,ISO,237.9,8.3,58.0,6.9,1,2000,0,0,0,0,2,0
CF,ML06,43.429708,39.897294,0,ISO,237.9,3.4,58.0,4.9,1,509,0,0,0,0,3,1
CI,2, ,0.0,221.0,0,0,0,1,205,0,0,0
CF,PITOP,43.038889,39.773611,0,ADL,191.4,26.3,191.0,23.0,4,20000,6000,0,0,0,0,0

APPTR,L06-Z,06,GOKIN
IF,GOKIN,43.148056,39.296389, ,0.0,0.0,4,10000,6000,0,0,0,1,0
TF,SS067,43.263250,39.411944,0, ,0.0,0.0,0.0,0.0,2,4000,0,0,0,0,0,0
TF,SS063,43.309306,39.545750,0, ,0.0,0.0,0.0,0.0,2,3000,0,0,0,0,0,0
TF,SS062,43.354994,39.679886,0,ISO,0.0,0.0,0.0,0.0,2,2000,0,0,0,0,1,0

APPTR,L06-Z,06,KOGU1
IF,KOGUL,43.600000,39.174444, ,0.0,0.0,4,10000,6000,0,0,0,1,0
TF,SS067,43.263250,39.411944,0, ,0.0,0.0,0.0,0.0,2,4000,0,0,0,0,0,0
TF,SS063,43.309306,39.545750,0, ,0.0,0.0,0.0,0.0,2,3000,0,0,0,0,0,0
TF,SS062,43.354994,39.679886,0,ISO,0.0,0.0,0.0,0.0,2,2000,0,0,0,0,1,0

APPTR,L06-Z,06,KOGU2
IF,KOGUL,43.600000,39.174444, ,0.0,0.0,4,10000,6000,0,0,0,1,0
TF,SS063,43.309306,39.545750,0, ,0.0,0.0,0.0,0.0,2,3000,0,0,0,0,0,0
TF,SS062,43.354994,39.679886,0,ISO,0.0,0.0,0.0,0.0,2,2000,0,0,0,0,1,0

APPTR,L06-Z,06,KOGU3
IF,KOGUL,43.600000,39.174444, ,0.0,0.0,4,10000,6000,0,0,0,1,0
TF,SS062,43.354994,39.679886,0,ISO,0.0,0.0,0.0,0.0,2,2000,0,0,0,0,1,0

APPTR,L06-Z,06,PITO1
IF,PITOP,43.038889,39.773611, ,0.0,0.0,4,17000,10000,0,0,0,1,0
TF,TABAN,43.078333,39.601667,0, ,0.0,0.0,0.0,0.0,2,10000,0,0,0,0,0,0
TF,SS068,43.110667,39.460889,0, ,0.0,0.0,0.0,0.0,2,9000,0,0,0,0,0,0
TF,SS067,43.263250,39.411944,0, ,0.0,0.0,0.0,0.0,2,4000,0,0,0,0,0,0
TF,SS063,43.309306,39.545750,0, ,0.0,0.0,0.0,0.0,2,3000,0,0,0,0,0,0
TF,SS062,43.354994,39.679886,0,ISO,0.0,0.0,0.0,0.0,2,2000,0,0,0,0,1,0

APPTR,L06-Z,06,PITO2
IF,PITOP,43.038889,39.773611, ,0.0,0.0,4,17000,10000,0,0,0,1,0
TF,TABAN,43.078333,39.601667,0, ,0.0,0.0,0.0,0.0,2,10000,0,0,0,0,0,0
TF,SS063,43.309306,39.545750,0, ,0.0,0.0,0.0,0.0,2,3000,0,0,0,0,0,0
TF,SS062,43.354994,39.679886,0,ISO,0.0,0.0,0.0,0.0,2,2000,0,0,0,0,1,0

APPTR,L06-Z,06,PITO3
IF,PITOP,43.038889,39.773611, ,0.0,0.0,4,17000,10000,0,0,0,1,0
TF,SS066,43.249528,39.710833,0, ,0.0,0.0,0.0,0.0,0,0,0,0,0,0,0,0
TF,SS062,43.354994,39.679886,0,ISO,0.0,0.0,0.0,0.0,2,2000,0,0,0,0,1,0

FINAL,L06-Z,06,D,3
IF,SS062,43.354994,39.679886,ISO,237.9,13.9,2,2000,0,0,0,0,0,0
CF,FF06,43.394772,39.795508,0,ISO,237.9,8.3,58.0,5.6,1,2000,0,0,0,0,2,0
CF,ML06,43.429708,39.897294,0,ISO,237.9,3.4,58.0,4.9,1,509,0,0,0,0,3,1
DF,SS069,43.275306,39.880517,2, ,0.0,0.0,0,0,0,1,190,0,0,0
TF,PITOP,43.038889,39.773611,0, ,0.0,0.0,0.0,0.0,4,20000,10000,0,0,0,0,0

APPTR,N02,02,AD1
IF,AD,43.454778,39.960778, ,0.0,0.0,1,13000,0,0,0,0,1,0
FC,AD,43.454778,39.960778,0,ADL,0.0,0.0,185.0,12.3,1,6000,0,0,0,0,0,1
CF,FN02,43.307367,39.844283,2,ADL,203.3,10.2,23.0,2.0,2,2900,0,0,0,0,0,0

APPTR,N02,02,AD2
IF,AD,43.454778,39.960778, ,0.0,0.0,1,13000,0,0,0,0,1,0
FC,AD,43.454778,39.960778,0,ADL,0.0,0.0,198.0,12.3,1,5000,0,0,0,0,0,1
CF,FN02,43.307367,39.844283,2,ADL,203.3,10.2,23.0,2.0,2,2900,0,0,0,0,0,0

FINAL,N02,02,N,2
IF,FN02,43.307367,39.844283,AD,0.0,0.0,2,2900,0,0,0,0,2,0
CF,RW02,43.434325,39.944572,0,AD,0.0,0.0,23.0,8.8,1,101,0,0,0,0,3,0
CF,AD,43.454778,39.960778,0,ADL,280.5,0.1,23.0,1.4,2,490,0,0,0,0,0,1
VM,0,0,2,203.0,2,3600,0,1,185,0,0,0

APPTR,N06-Y,06,AD1
IF,AD,43.454778,39.960778, ,0.0,0.0,1,13000,0,0,0,0,1,0
FC,AD,43.454778,39.960778,0,ADL,0.0,0.0,214.0,12.3,1,6000,0,0,0,0,0,1
CF,FN06,43.366453,39.742883,2,ADL,234.2,11.0,54.0,2.0,2,3000,0,0,0,0,0,0

APPTR,N06-Y,06,AD2
IF,AD,43.454778,39.960778, ,0.0,0.0,1,13000,0,0,0,0,1,0
FC,AD,43.454778,39.960778,0,ADL,0.0,0.0,227.0,12.3,1,5000,0,0,0,0,0,1
CF,FN06,43.366453,39.742883,2,ADL,234.2,11.0,54.0,2.0,2,3000,0,0,0,0,0,0

FINAL,N06-Y,06,N,2
IF,FN06,43.366453,39.742883,AD,0.0,0.0,2,3000,0,0,0,0,2,0
CF,RW06,43.439461,39.925775,0,AD,0.0,0.0,54.0,9.1,1,95,0,0,0,0,3,0
CF,AD,43.454778,39.960778,0,ADL,280.5,0.1,54.0,1.8,2,490,0,0,0,0,0,1
VM,0,0,2,234.0,2,3600,0,1,185,0,0,0

APPTR,R02-W,02,GOKIN
IF,GOKIN,43.148056,39.296389, ,0.0,0.0,4,10000,6000,0,0,0,1,0
TF,SS024,43.188722,39.469639,0, ,0.0,0.0,0.0,0.0,3,6000,0,0,0,0,0,0
TF,SS023,43.229333,39.644111,0, ,0.0,0.0,0.0,0.0,0,0,0,0,0,0,0,0
TF,SS022,43.270361,39.821750,0, ,0.0,0.0,0.0,0.0,2,2000,0,0,0,0,1,0

APPTR,R02-W,02,KOGU1
IF,KOGUL,43.600000,39.174444, ,0.0,0.0,4,20000,11000,0,0,0,1,0
TF,SS026,43.354639,39.205444,0, ,0.0,0.0,0.0,0.0,2,11000,0,0,0,0,0,0
TF,GOKIN,43.148056,39.296389,0, ,0.0,0.0,0.0,0.0,4,10000,6000,0,0,0,0,0
TF,SS024,43.188722,39.469639,0, ,0.0,0.0,0.0,0.0,3,6000,0,0,0,0,0,0
TF,SS023,43.229333,39.644111,0, ,0.0,0.0,0.0,0.0,0,0,0,0,0,0,0,0
TF,SS022,43.270361,39.821750,0, ,0.0,0.0,0.0,0.0,2,2000,0,0,0,0,1,0

APPTR,R02-W,02,KOGU2
IF,KOGUL,43.600000,39.174444, ,0.0,0.0,4,20000,11000,0,0,0,1,0
TF,SS024,43.188722,39.469639,0, ,0.0,0.0,0.0,0.0,3,6000,0,0,0,0,0,0
TF,SS023,43.229333,39.644111,0, ,0.0,0.0,0.0,0.0,0,0,0,0,0,0,0,0
TF,SS022,43.270361,39.821750,0, ,0.0,0.0,0.0,0.0,2,2000,0,0,0,0,1,0

APPTR,R02-W,02,KOGU3
IF,KOGUL,43.600000,39.174444, ,0.0,0.0,4,20000,11000,0,0,0,1,0
TF,SS023,43.229333,39.644111,0, ,0.0,0.0,0.0,0.0,0,0,0,0,0,0,0,0
TF,SS022,43.270361,39.821750,0, ,0.0,0.0,0.0,0.0,2,2000,0,0,0,0,1,0

APPTR,R02-W,02,PITOP
IF,PITOP,43.038889,39.773611, ,0.0,0.0,4,8000,6000,0,0,0,1,0
TF,SS022,43.270361,39.821750,0, ,0.0,0.0,0.0,0.0,2,2000,0,0,0,0,1,0

FINAL,R02-W,02,R,3
IF,SS022,43.270361,39.821750, ,0.0,0.0,2,2000,0,0,0,0,0,0
TF,SS314,43.342000,39.875333,0, ,0.0,0.0,22.0,4.9,1,2000,0,0,0,0,2,0
TF,RW02,43.434325,39.944572,0, ,0.0,0.0,22.0,6.3,1,103,0,0,0,0,3,1
TF,SS317,43.454056,39.959417,0, ,0.0,0.0,0.0,0.0,0,0,0,0,0,0,0,0
TF,SS318,43.494333,39.989722,0, ,0.0,0.0,0.0,0.0,0,0,0,0,0,0,0,0
RF,SS319,43.562528,39.987833,1,SS323,280.2,4.1,0,0,0,0,0,0,0,0
RF,SS320,43.591167,39.849750,1,SS324,237.0,4.6,0,0,0,1,200,0,0,0
TF,SS321,43.560556,39.767500,0, ,0.0,0.0,0.0,0.0,0,0,0,0,0,0,0,0
RF,SS322,43.547194,39.654194,2,SS325,273.0,8.1,0,0,0,0,0,0,0,0
TF,KOGUL,43.600000,39.174444,0, ,0.0,0.0,0.0,0.0,1,4000,0,0,0,0,0,0

APPTR,R02-X,02,GOKIN
IF,GOKIN,43.148056,39.296389, ,0.0,0.0,4,10000,6000,0,0,0,1,0
TF,SS024,43.188722,39.469639,0, ,0.0,0.0,0.0,0.0,3,6000,0,0,0,0,0,0
TF,SS023,43.229333,39.644111,0, ,0.0,0.0,0.0,0.0,0,0,0,0,0,0,0,0
TF,SS022,43.270361,39.821750,0, ,0.0,0.0,0.0,0.0,2,2000,0,0,0,0,1,0

APPTR,R02-X,02,KOGU1
IF,KOGUL,43.600000,39.174444, ,0.0,0.0,4,20000,11000,0,0,0,1,0
TF,SS026,43.354639,39.205444,0, ,0.0,0.0,0.0,0.0,2,11000,0,0,0,0,0,0
TF,GOKIN,43.148056,39.296389,0, ,0.0,0.0,0.0,0.0,4,10000,6000,0,0,0,0,0
TF,SS024,43.188722,39.469639,0, ,0.0,0.0,0.0,0.0,3,6000,0,0,0,0,0,0
TF,SS023,43.229333,39.644111,0, ,0.0,0.0,0.0,0.0,0,0,0,0,0,0,0,0
TF,SS022,43.270361,39.821750,0, ,0.0,0.0,0.0,0.0,2,2000,0,0,0,0,1,0

APPTR,R02-X,02,KOGU2
IF,KOGUL,43.600000,39.174444, ,0.0,0.0,4,20000,11000,0,0,0,1,0
TF,SS024,43.188722,39.469639,0, ,0.0,0.0,0.0,0.0,3,6000,0,0,0,0,0,0
TF,SS023,43.229333,39.644111,0, ,0.0,0.0,0.0,0.0,0,0,0,0,0,0,0,0
TF,SS022,43.270361,39.821750,0, ,0.0,0.0,0.0,0.0,2,2000,0,0,0,0,1,0

APPTR,R02-X,02,KOGU3
IF,KOGUL,43.600000,39.174444, ,0.0,0.0,4,20000,11000,0,0,0,1,0
TF,SS023,43.229333,39.644111,0, ,0.0,0.0,0.0,0.0,0,0,0,0,0,0,0,0
TF,SS022,43.270361,39.821750,0, ,0.0,0.0,0.0,0.0,2,2000,0,0,0,0,1,0

APPTR,R02-X,02,PITOP
IF,PITOP,43.038889,39.773611, ,0.0,0.0,4,8000,6000,0,0,0,1,0
TF,SS022,43.270361,39.821750,0, ,0.0,0.0,0.0,0.0,2,2000,0,0,0,0,1,0

FINAL,R02-X,02,R,3
IF,SS022,43.270361,39.821750, ,0.0,0.0,2,2000,0,0,0,0,0,0
TF,SS314,43.342000,39.875333,0, ,0.0,0.0,22.0,4.9,1,2000,0,0,0,0,2,0
TF,SS020,43.404778,39.922389,0, ,0.0,0.0,22.0,4.3,1,710,0,0,0,0,3,0
RF,SS315,43.377917,39.999444,2,SS304,196.5,1.9,0,0,0,0,0,0,0,0
TF,SS030,43.204069,39.901444,0, ,0.0,0.0,0.0,0.0,0,0,0,0,0,0,0,0
TF,PITOP,43.038889,39.773611,0, ,0.0,0.0,0.0,0.0,1,4000,0,0,0,0,0,0

APPTR,R02-Y,02,GOKIN
IF,GOKIN,43.148056,39.296389, ,0.0,0.0,4,10000,6000,0,0,0,1,0
TF,SS024,43.188722,39.469639,0, ,0.0,0.0,0.0,0.0,3,6000,0,0,0,0,0,0
TF,SS023,43.229333,39.644111,0, ,0.0,0.0,0.0,0.0,0,0,0,0,0,0,0,0
TF,SS022,43.270361,39.821750,0, ,0.0,0.0,0.0,0.0,2,2000,0,0,0,0,1,0

APPTR,R02-Y,02,KOGU1
IF,KOGUL,43.600000,39.174444, ,0.0,0.0,4,20000,11000,0,0,0,1,0
TF,SS026,43.354639,39.205444,0, ,0.0,0.0,0.0,0.0,2,11000,0,0,0,0,0,0
TF,GOKIN,43.148056,39.296389,0, ,0.0,0.0,0.0,0.0,4,10000,6000,0,0,0,0,0
TF,SS024,43.188722,39.469639,0, ,0.0,0.0,0.0,0.0,3,6000,0,0,0,0,0,0
TF,SS023,43.229333,39.644111,0, ,0.0,0.0,0.0,0.0,0,0,0,0,0,0,0,0
TF,SS022,43.270361,39.821750,0, ,0.0,0.0,0.0,0.0,2,2000,0,0,0,0,1,0

APPTR,R02-Y,02,KOGU2
IF,KOGUL,43.600000,39.174444, ,0.0,0.0,4,20000,11000,0,0,0,1,0
TF,SS024,43.188722,39.469639,0, ,0.0,0.0,0.0,0.0,3,6000,0,0,0,0,0,0
TF,SS023,43.229333,39.644111,0, ,0.0,0.0,0.0,0.0,0,0,0,0,0,0,0,0
TF,SS022,43.270361,39.821750,0, ,0.0,0.0,0.0,0.0,2,2000,0,0,0,0,1,0

APPTR,R02-Y,02,KOGU3
IF,KOGUL,43.600000,39.174444, ,0.0,0.0,4,20000,11000,0,0,0,1,0
TF,SS023,43.229333,39.644111,0, ,0.0,0.0,0.0,0.0,0,0,0,0,0,0,0,0
TF,SS022,43.270361,39.821750,0, ,0.0,0.0,0.0,0.0,2,2000,0,0,0,0,1,0

APPTR,R02-Y,02,PITO1
IF,PITOP,43.038889,39.773611, ,0.0,0.0,4,11000,6000,0,0,0,1,0
TF,TABAN,43.078333,39.601667,0, ,0.0,0.0,0.0,0.0,0,0,0,0,0,0,0,0
TF,SS068,43.110667,39.460889,0, ,0.0,0.0,0.0,0.0,0,0,0,0,0,0,0,0
TF,SS024,43.188722,39.469639,0, ,0.0,0.0,0.0,0.0,3,6000,0,0,0,0,0,0
TF,SS023,43.229333,39.644111,0, ,0.0,0.0,0.0,0.0,0,0,0,0,0,0,0,0
TF,SS022,43.270361,39.821750,0, ,0.0,0.0,0.0,0.0,2,2000,0,0,0,0,1,0

APPTR,R02-Y,02,PITO2
IF,PITOP,43.038889,39.773611, ,0.0,0.0,4,11000,6000,0,0,0,1,0
TF,TABAN,43.078333,39.601667,0, ,0.0,0.0,0.0,0.0,0,0,0,0,0,0,0,0
TF,SS023,43.229333,39.644111,0, ,0.0,0.0,0.0,0.0,0,0,0,0,0,0,0,0
TF,SS022,43.270361,39.821750,0, ,0.0,0.0,0.0,0.0,2,2000,0,0,0,0,1,0

APPTR,R02-Y,02,PITO3
IF,PITOP,43.038889,39.773611, ,0.0,0.0,4,11000,6000,0,0,0,1,0
TF,SS022,43.270361,39.821750,0, ,0.0,0.0,0.0,0.0,2,2000,0,0,0,0,1,0

FINAL,R02-Y,02,R,3
IF,SS022,43.270361,39.821750, ,0.0,0.0,2,2000,0,0,0,0,0,0
TF,SS021,43.341019,39.874575,0, ,0.0,0.0,22.0,4.8,1,2000,0,0,0,0,2,0
TF,SS025,43.420114,39.933897,0, ,0.0,0.0,22.0,5.4,1,394,0,0,0,0,3,1
DF,SS030,43.204069,39.901444,2, ,0.0,0.0,0,0,0,1,195,0,0,0
TF,PITOP,43.038889,39.773611,0, ,0.0,0.0,0.0,0.0,4,20000,6000,0,0,0,0,0

APPTR,R02-Z,02,GOKIN
IF,GOKIN,43.148056,39.296389, ,0.0,0.0,4,10000,6000,0,0,0,1,0
TF,SS024,43.188722,39.469639,0, ,0.0,0.0,0.0,0.0,3,6000,0,0,0,0,0,0
TF,SS023,43.229333,39.644111,0, ,0.0,0.0,0.0,0.0,0,0,0,0,0,0,0,0
TF,SS022,43.270361,39.821750,0, ,0.0,0.0,0.0,0.0,2,2000,0,0,0,0,1,0

APPTR,R02-Z,02,KOGU1
IF,KOGUL,43.600000,39.174444, ,0.0,0.0,4,20000,11000,0,0,0,1,0
TF,SS026,43.354639,39.205444,0, ,0.0,0.0,0.0,0.0,2,11000,0,0,0,0,0,0
TF,GOKIN,43.148056,39.296389,0, ,0.0,0.0,0.0,0.0,4,10000,6000,0,0,0,0,0
TF,SS024,43.188722,39.469639,0, ,0.0,0.0,0.0,0.0,3,6000,0,0,0,0,0,0
TF,SS023,43.229333,39.644111,0, ,0.0,0.0,0.0,0.0,0,0,0,0,0,0,0,0
TF,SS022,43.270361,39.821750,0, ,0.0,0.0,0.0,0.0,2,2000,0,0,0,0,1,0

APPTR,R02-Z,02,KOGU2
IF,KOGUL,43.600000,39.174444, ,0.0,0.0,4,20000,11000,0,0,0,1,0
TF,SS024,43.188722,39.469639,0, ,0.0,0.0,0.0,0.0,3,6000,0,0,0,0,0,0
TF,SS023,43.229333,39.644111,0, ,0.0,0.0,0.0,0.0,0,0,0,0,0,0,0,0
TF,SS022,43.270361,39.821750,0, ,0.0,0.0,0.0,0.0,2,2000,0,0,0,0,1,0

APPTR,R02-Z,02,KOGU3
IF,KOGUL,43.600000,39.174444, ,0.0,0.0,4,20000,11000,0,0,0,1,0
TF,SS023,43.229333,39.644111,0, ,0.0,0.0,0.0,0.0,0,0,0,0,0,0,0,0
TF,SS022,43.270361,39.821750,0, ,0.0,0.0,0.0,0.0,2,2000,0,0,0,0,1,0

APPTR,R02-Z,02,PITO1
IF,PITOP,43.038889,39.773611, ,0.0,0.0,4,11000,6000,0,0,0,1,0
TF,TABAN,43.078333,39.601667,0, ,0.0,0.0,0.0,0.0,0,0,0,0,0,0,0,0
TF,SS068,43.110667,39.460889,0, ,0.0,0.0,0.0,0.0,0,0,0,0,0,0,0,0
TF,SS024,43.188722,39.469639,0, ,0.0,0.0,0.0,0.0,3,6000,0,0,0,0,0,0
TF,SS023,43.229333,39.644111,0, ,0.0,0.0,0.0,0.0,0,0,0,0,0,0,0,0
TF,SS022,43.270361,39.821750,0, ,0.0,0.0,0.0,0.0,2,2000,0,0,0,0,1,0

APPTR,R02-Z,02,PITO2
IF,PITOP,43.038889,39.773611, ,0.0,0.0,4,11000,6000,0,0,0,1,0
TF,TABAN,43.078333,39.601667,0, ,0.0,0.0,0.0,0.0,0,0,0,0,0,0,0,0
TF,SS023,43.229333,39.644111,0, ,0.0,0.0,0.0,0.0,0,0,0,0,0,0,0,0
TF,SS022,43.270361,39.821750,0, ,0.0,0.0,0.0,0.0,2,2000,0,0,0,0,1,0

APPTR,R02-Z,02,PITO3
IF,PITOP,43.038889,39.773611, ,0.0,0.0,4,11000,6000,0,0,0,1,0
TF,SS022,43.270361,39.821750,0, ,0.0,0.0,0.0,0.0,2,2000,0,0,0,0,1,0

FINAL,R02-Z,02,R,3
IF,SS022,43.270361,39.821750, ,0.0,0.0,2,2000,0,0,0,0,0,0
TF,SS021,43.341019,39.874575,0, ,0.0,0.0,22.0,4.8,1,2000,0,0,0,0,2,0
TF,SS020,43.404778,39.922389,0, ,0.0,0.0,22.0,4.4,1,708,0,0,0,0,3,1
DF,SS030,43.204069,39.901444,2, ,0.0,0.0,0,0,0,1,210,0,0,0
TF,PITOP,43.038889,39.773611,0, ,0.0,0.0,0.0,0.0,4,20000,6000,0,0,0,0,0

APPTR,R06-W,06,GOKIN
IF,GOKIN,43.148056,39.296389, ,0.0,0.0,4,10000,6000,0,0,0,1,0
TF,SS067,43.263250,39.411944,0, ,0.0,0.0,0.0,0.0,2,4000,0,0,0,0,0,0
TF,SS063,43.309306,39.545750,0, ,0.0,0.0,0.0,0.0,2,3000,0,0,0,0,0,0
TF,SS062,43.354994,39.679886,0, ,0.0,0.0,0.0,0.0,2,2000,0,0,0,0,1,0

APPTR,R06-W,06,KOGU1
IF,KOGUL,43.600000,39.174444, ,0.0,0.0,4,10000,6000,0,0,0,1,0
TF,SS067,43.263250,39.411944,0, ,0.0,0.0,0.0,0.0,2,4000,0,0,0,0,0,0
TF,SS063,43.309306,39.545750,0, ,0.0,0.0,0.0,0.0,2,3000,0,0,0,0,0,0
TF,SS062,43.354994,39.679886,0, ,0.0,0.0,0.0,0.0,2,2000,0,0,0,0,1,0

APPTR,R06-W,06,KOGU2
IF,KOGUL,43.600000,39.174444, ,0.0,0.0,4,10000,6000,0,0,0,1,0
TF,SS063,43.309306,39.545750,0, ,0.0,0.0,0.0,0.0,2,3000,0,0,0,0,0,0
TF,SS062,43.354994,39.679886,0, ,0.0,0.0,0.0,0.0,2,2000,0,0,0,0,1,0

APPTR,R06-W,06,KOGU3
IF,KOGUL,43.600000,39.174444, ,0.0,0.0,4,10000,6000,0,0,0,1,0
TF,SS062,43.354994,39.679886,0, ,0.0,0.0,0.0,0.0,2,2000,0,0,0,0,1,0

APPTR,R06-W,06,PITO1
IF,PITOP,43.038889,39.773611, ,0.0,0.0,4,17000,10000,0,0,0,1,0
TF,TABAN,43.078333,39.601667,0, ,0.0,0.0,0.0,0.0,2,10000,0,0,0,0,0,0
TF,SS068,43.110667,39.460889,0, ,0.0,0.0,0.0,0.0,2,9000,0,0,0,0,0,0
TF,SS067,43.263250,39.411944,0, ,0.0,0.0,0.0,0.0,2,4000,0,0,0,0,0,0
TF,SS063,43.309306,39.545750,0, ,0.0,0.0,0.0,0.0,2,3000,0,0,0,0,0,0
TF,SS062,43.354994,39.679886,0, ,0.0,0.0,0.0,0.0,2,2000,0,0,0,0,1,0

APPTR,R06-W,06,PITO2
IF,PITOP,43.038889,39.773611, ,0.0,0.0,4,17000,10000,0,0,0,1,0
TF,TABAN,43.078333,39.601667,0, ,0.0,0.0,0.0,0.0,2,10000,0,0,0,0,0,0
TF,SS063,43.309306,39.545750,0, ,0.0,0.0,0.0,0.0,2,3000,0,0,0,0,0,0
TF,SS062,43.354994,39.679886,0, ,0.0,0.0,0.0,0.0,2,2000,0,0,0,0,1,0

APPTR,R06-W,06,PITO3
IF,PITOP,43.038889,39.773611, ,0.0,0.0,4,17000,10000,0,0,0,1,0
TF,SS066,43.249528,39.710833,0, ,0.0,0.0,0.0,0.0,0,0,0,0,0,0,0,0
TF,SS062,43.354994,39.679886,0, ,0.0,0.0,0.0,0.0,2,2000,0,0,0,0,1,0

FINAL,R06-W,06,R,3
IF,SS062,43.354994,39.679886, ,0.0,0.0,2,2000,0,0,0,0,0,0
TF,SS301,43.394500,39.794639,0, ,0.0,0.0,58.0,5.6,1,2000,0,0,0,0,2,0
TF,RW06,43.439461,39.925775,0, ,0.0,0.0,58.0,6.3,1,95,0,0,0,0,3,1
TF,SS305,43.447139,39.948222,0, ,0.0,0.0,0.0,0.0,0,0,0,0,0,0,0,0
RF,SS306,43.493056,39.992083,1,SS311,336.5,3.4,0,0,0,0,0,0,0,0
RF,SS307,43.556444,39.964250,1,SS312,278.0,5.2,0,0,0,0,0,0,0,0
RF,SS308,43.577917,39.844000,1,SS313,241.9,4.6,0,0,0,1,190,0,0,0
TF,SS309,43.552083,39.757139,0, ,0.0,0.0,0.0,0.0,0,0,0,0,0,0,0,0
RF,SS310,43.543778,39.656639,2,SS316,273.5,8.1,0,0,0,0,0,0,0,0
TF,KOGUL,43.600000,39.174444,0, ,0.0,0.0,0.0,0.0,1,4000,0,0,0,0,0,0

APPTR,R06-X,06,GOKIN
IF,GOKIN,43.148056,39.296389, ,0.0,0.0,4,10000,6000,0,0,0,1,0
TF,SS067,43.263250,39.411944,0, ,0.0,0.0,0.0,0.0,2,4000,0,0,0,0,0,0
TF,SS063,43.309306,39.545750,0, ,0.0,0.0,0.0,0.0,2,3000,0,0,0,0,0,0
TF,SS062,43.354994,39.679886,0, ,0.0,0.0,0.0,0.0,2,2000,0,0,0,0,1,0

APPTR,R06-X,06,KOGU1
IF,KOGUL,43.600000,39.174444, ,0.0,0.0,4,10000,6000,0,0,0,1,0
TF,SS067,43.263250,39.411944,0, ,0.0,0.0,0.0,0.0,2,4000,0,0,0,0,0,0
TF,SS063,43.309306,39.545750,0, ,0.0,0.0,0.0,0.0,2,3000,0,0,0,0,0,0
TF,SS062,43.354994,39.679886,0, ,0.0,0.0,0.0,0.0,2,2000,0,0,0,0,1,0

APPTR,R06-X,06,KOGU2
IF,KOGUL,43.600000,39.174444, ,0.0,0.0,4,10000,6000,0,0,0,1,0
TF,SS063,43.309306,39.545750,0, ,0.0,0.0,0.0,0.0,2,3000,0,0,0,0,0,0
TF,SS062,43.354994,39.679886,0, ,0.0,0.0,0.0,0.0,2,2000,0,0,0,0,1,0

APPTR,R06-X,06,KOGU3
IF,KOGUL,43.600000,39.174444, ,0.0,0.0,4,10000,6000,0,0,0,1,0
TF,SS062,43.354994,39.679886,0, ,0.0,0.0,0.0,0.0,2,2000,0,0,0,0,1,0

APPTR,R06-X,06,PITO1
IF,PITOP,43.038889,39.773611, ,0.0,0.0,4,17000,10000,0,0,0,1,0
TF,TABAN,43.078333,39.601667,0, ,0.0,0.0,0.0,0.0,2,10000,0,0,0,0,0,0
TF,SS068,43.110667,39.460889,0, ,0.0,0.0,0.0,0.0,2,9000,0,0,0,0,0,0
TF,SS067,43.263250,39.411944,0, ,0.0,0.0,0.0,0.0,2,4000,0,0,0,0,0,0
TF,SS063,43.309306,39.545750,0, ,0.0,0.0,0.0,0.0,2,3000,0,0,0,0,0,0
TF,SS062,43.354994,39.679886,0, ,0.0,0.0,0.0,0.0,2,2000,0,0,0,0,1,0

APPTR,R06-X,06,PITO2
IF,PITOP,43.038889,39.773611, ,0.0,0.0,4,17000,10000,0,0,0,1,0
TF,TABAN,43.078333,39.601667,0, ,0.0,0.0,0.0,0.0,2,10000,0,0,0,0,0,0
TF,SS063,43.309306,39.545750,0, ,0.0,0.0,0.0,0.0,2,3000,0,0,0,0,0,0
TF,SS062,43.354994,39.679886,0, ,0.0,0.0,0.0,0.0,2,2000,0,0,0,0,1,0

APPTR,R06-X,06,PITO3
IF,PITOP,43.038889,39.773611, ,0.0,0.0,4,17000,10000,0,0,0,1,0
TF,SS066,43.249528,39.710833,0, ,0.0,0.0,0.0,0.0,0,0,0,0,0,0,0,0
TF,SS062,43.354994,39.679886,0, ,0.0,0.0,0.0,0.0,2,2000,0,0,0,0,1,0

FINAL,R06-X,06,R,3
IF,SS062,43.354994,39.679886, ,0.0,0.0,2,2000,0,0,0,0,0,0
TF,SS301,43.394500,39.794639,0, ,0.0,0.0,58.0,5.6,1,2000,0,0,0,0,2,0
TF,SS060,43.429028,39.895333,0, ,0.0,0.0,58.0,4.9,1,537,0,0,0,0,3,0
RF,SS303,43.357194,39.972139,2,SS302,213.3,2.8,0,0,0,1,200,0,0,0
TF,SS069,43.275306,39.880517,0, ,0.0,0.0,0.0,0.0,0,0,0,0,0,0,0,0
TF,PITOP,43.038889,39.773611,0, ,0.0,0.0,0.0,0.0,1,4000,0,0,0,0,0,0

APPTR,R06-Y,06,GOKIN
IF,GOKIN,43.148056,39.296389, ,0.0,0.0,4,10000,6000,0,0,0,1,0
TF,SS067,43.263250,39.411944,0, ,0.0,0.0,0.0,0.0,2,4000,0,0,0,0,0,0
TF,SS063,43.309306,39.545750,0, ,0.0,0.0,0.0,0.0,2,3000,0,0,0,0,0,0
TF,SS062,43.354994,39.679886,0, ,0.0,0.0,0.0,0.0,2,2000,0,0,0,0,1,0

APPTR,R06-Y,06,KOGU1
IF,KOGUL,43.600000,39.174444, ,0.0,0.0,4,10000,6000,0,0,0,1,0
TF,SS067,43.263250,39.411944,0, ,0.0,0.0,0.0,0.0,2,4000,0,0,0,0,0,0
TF,SS063,43.309306,39.545750,0, ,0.0,0.0,0.0,0.0,2,3000,0,0,0,0,0,0
TF,SS062,43.354994,39.679886,0, ,0.0,0.0,0.0,0.0,2,2000,0,0,0,0,1,0

APPTR,R06-Y,06,KOGU2
IF,KOGUL,43.600000,39.174444, ,0.0,0.0,4,10000,6000,0,0,0,1,0
TF,SS063,43.309306,39.545750,0, ,0.0,0.0,0.0,0.0,2,3000,0,0,0,0,0,0
TF,SS062,43.354994,39.679886,0, ,0.0,0.0,0.0,0.0,2,2000,0,0,0,0,1,0

APPTR,R06-Y,06,KOGU3
IF,KOGUL,43.600000,39.174444, ,0.0,0.0,4,10000,6000,0,0,0,1,0
TF,SS062,43.354994,39.679886,0, ,0.0,0.0,0.0,0.0,2,2000,0,0,0,0,1,0

APPTR,R06-Y,06,PITO1
IF,PITOP,43.038889,39.773611, ,0.0,0.0,4,17000,10000,0,0,0,1,0
TF,TABAN,43.078333,39.601667,0, ,0.0,0.0,0.0,0.0,2,10000,0,0,0,0,0,0
TF,SS068,43.110667,39.460889,0, ,0.0,0.0,0.0,0.0,2,9000,0,0,0,0,0,0
TF,SS067,43.263250,39.411944,0, ,0.0,0.0,0.0,0.0,2,4000,0,0,0,0,0,0
TF,SS063,43.309306,39.545750,0, ,0.0,0.0,0.0,0.0,2,3000,0,0,0,0,0,0
TF,SS062,43.354994,39.679886,0, ,0.0,0.0,0.0,0.0,2,2000,0,0,0,0,1,0

APPTR,R06-Y,06,PITO2
IF,PITOP,43.038889,39.773611, ,0.0,0.0,4,17000,10000,0,0,0,1,0
TF,TABAN,43.078333,39.601667,0, ,0.0,0.0,0.0,0.0,2,10000,0,0,0,0,0,0
TF,SS063,43.309306,39.545750,0, ,0.0,0.0,0.0,0.0,2,3000,0,0,0,0,0,0
TF,SS062,43.354994,39.679886,0, ,0.0,0.0,0.0,0.0,2,2000,0,0,0,0,1,0

APPTR,R06-Y,06,PITO3
IF,PITOP,43.038889,39.773611, ,0.0,0.0,4,17000,10000,0,0,0,1,0
TF,SS066,43.249528,39.710833,0, ,0.0,0.0,0.0,0.0,0,0,0,0,0,0,0,0
TF,SS062,43.354994,39.679886,0, ,0.0,0.0,0.0,0.0,2,2000,0,0,0,0,1,0

FINAL,R06-Y,06,R,3
IF,SS062,43.354994,39.679886, ,0.0,0.0,2,2000,0,0,0,0,0,0
TF,SS061,43.393931,39.792956,0, ,0.0,0.0,58.0,5.5,1,2000,0,0,0,0,2,0
TF,SS065,43.436389,39.916833,0, ,0.0,0.0,58.0,6.0,1,219,0,0,0,0,3,1
DF,SS069,43.275306,39.880517,2, ,0.0,0.0,0,0,0,1,215,0,0,0
TF,PITOP,43.038889,39.773611,0, ,0.0,0.0,0.0,0.0,4,20000,10000,0,0,0,0,0

APPTR,R06-Z,06,GOKIN
IF,GOKIN,43.148056,39.296389, ,0.0,0.0,4,10000,6000,0,0,0,1,0
TF,SS067,43.263250,39.411944,0, ,0.0,0.0,0.0,0.0,2,4000,0,0,0,0,0,0
TF,SS063,43.309306,39.545750,0, ,0.0,0.0,0.0,0.0,2,3000,0,0,0,0,0,0
TF,SS062,43.354994,39.679886,0, ,0.0,0.0,0.0,0.0,2,2000,0,0,0,0,1,0

APPTR,R06-Z,06,KOGU1
IF,KOGUL,43.600000,39.174444, ,0.0,0.0,4,10000,6000,0,0,0,1,0
TF,SS067,43.263250,39.411944,0, ,0.0,0.0,0.0,0.0,2,4000,0,0,0,0,0,0
TF,SS063,43.309306,39.545750,0, ,0.0,0.0,0.0,0.0,2,3000,0,0,0,0,0,0
TF,SS062,43.354994,39.679886,0, ,0.0,0.0,0.0,0.0,2,2000,0,0,0,0,1,0

APPTR,R06-Z,06,KOGU2
IF,KOGUL,43.600000,39.174444, ,0.0,0.0,4,10000,6000,0,0,0,1,0
TF,SS063,43.309306,39.545750,0, ,0.0,0.0,0.0,0.0,2,3000,0,0,0,0,0,0
TF,SS062,43.354994,39.679886,0, ,0.0,0.0,0.0,0.0,2,2000,0,0,0,0,1,0

APPTR,R06-Z,06,KOGU3
IF,KOGUL,43.600000,39.174444, ,0.0,0.0,4,10000,6000,0,0,0,1,0
TF,SS062,43.354994,39.679886,0, ,0.0,0.0,0.0,0.0,2,2000,0,0,0,0,1,0

APPTR,R06-Z,06,PITO1
IF,PITOP,43.038889,39.773611, ,0.0,0.0,4,17000,10000,0,0,0,1,0
TF,TABAN,43.078333,39.601667,0, ,0.0,0.0,0.0,0.0,2,10000,0,0,0,0,0,0
TF,SS068,43.110667,39.460889,0, ,0.0,0.0,0.0,0.0,2,9000,0,0,0,0,0,0
TF,SS067,43.263250,39.411944,0, ,0.0,0.0,0.0,0.0,2,4000,0,0,0,0,0,0
TF,SS063,43.309306,39.545750,0, ,0.0,0.0,0.0,0.0,2,3000,0,0,0,0,0,0
TF,SS062,43.354994,39.679886,0, ,0.0,0.0,0.0,0.0,2,2000,0,0,0,0,1,0

APPTR,R06-Z,06,PITO2
IF,PITOP,43.038889,39.773611, ,0.0,0.0,4,17000,10000,0,0,0,1,0
TF,TABAN,43.078333,39.601667,0, ,0.0,0.0,0.0,0.0,2,10000,0,0,0,0,0,0
TF,SS063,43.309306,39.545750,0, ,0.0,0.0,0.0,0.0,2,3000,0,0,0,0,0,0
TF,SS062,43.354994,39.679886,0, ,0.0,0.0,0.0,0.0,2,2000,0,0,0,0,1,0

APPTR,R06-Z,06,PITO3
IF,PITOP,43.038889,39.773611, ,0.0,0.0,4,17000,10000,0,0,0,1,0
TF,SS066,43.249528,39.710833,0, ,0.0,0.0,0.0,0.0,0,0,0,0,0,0,0,0
TF,SS062,43.354994,39.679886,0, ,0.0,0.0,0.0,0.0,2,2000,0,0,0,0,1,0

FINAL,R06-Z,06,R,3
IF,SS062,43.354994,39.679886, ,0.0,0.0,2,2000,0,0,0,0,0,0
TF,SS061,43.393931,39.792956,0, ,0.0,0.0,58.0,5.5,1,2000,0,0,0,0,2,0
TF,SS060,43.429028,39.895333,0, ,0.0,0.0,58.0,5.0,1,531,0,0,0,0,3,1
DF,SS069,43.275306,39.880517,2, ,0.0,0.0,0,0,0,1,215,0,0,0
TF,PITOP,43.038889,39.773611,0, ,0.0,0.0,0.0,0.0,4,20000,10000,0,0,0,0,0

