SID,DEP05,05,5
DF,AK05D,4.637358,114.381794,0, ,0.0,0.0,0,0,0,0,0,0,0,1
TF,ADBEP,4.666847,114.423953,0, ,0.0,0.0,0.0,0.0,3,1500,0,0,0,0,0,0
TF,DOVIL,4.772756,114.376256,0, ,0.0,0.0,0.0,0.0,1,1500,0,0,0,0,0,0
TF,OLTAG,5.026461,114.538564,0, ,0.0,0.0,0.0,0.0,1,1500,0,0,0,0,0,0
TF,MIBUX,5.181583,114.660669,0, ,0.0,0.0,0.0,0.0,1,1500,0,0,0,0,0,0

SID,DEP23,23,5
DF,AK23D,4.633167,114.375800,0, ,0.0,0.0,0,0,0,0,0,0,0,1
TF,DUNAX,4.599642,114.327881,0, ,0.0,0.0,0.0,0.0,3,1500,0,0,0,0,0,0
TF,OLMIR,4.654000,114.300331,2, ,0.0,0.0,0.0,0.0,1,1500,0,0,0,0,0,0
TF,OLTAG,5.026461,114.538564,0, ,0.0,0.0,0.0,0.0,1,1500,0,0,0,0,0,0
TF,MIBUX,5.181583,114.660669,0, ,0.0,0.0,0.0,0.0,1,1500,0,0,0,0,0,0

STAR,ARR05,05,5
IF,KALVI,5.145250,114.706572, ,0.0,0.0,1,2500,0,0,0,0,0,0
TF,LANOT,4.996433,114.589419,0, ,0.0,0.0,0.0,0.0,1,2500,0,0,0,0,0,0
TF,LANOV,4.788675,114.509617,0, ,0.0,0.0,0.0,0.0,1,2500,0,0,0,0,0,0
TF,LERNA,4.674269,114.347056,0, ,0.0,0.0,0.0,0.0,1,2500,0,0,0,0,0,0
TF,KABLO,4.626150,114.278717,0, ,0.0,0.0,0.0,0.0,1,2000,0,0,0,0,0,0

STAR,ARR23,23,5
IF,KALVI,5.145250,114.706572, ,0.0,0.0,1,2500,0,0,0,0,0,0
TF,LANOT,4.996433,114.589419,0, ,0.0,0.0,0.0,0.0,1,2500,0,0,0,0,0,0
TF,LANOV,4.788675,114.509617,0, ,0.0,0.0,0.0,0.0,1,2500,0,0,0,0,0,0

APPTR,R05,05,KABLO
IF,KABLO,4.626150,114.278717, ,0.0,0.0,2,2000,0,0,0,0,0,0
TF,AK05I,4.585272,114.307347,0, ,0.0,0.0,0.0,0.0,2,1500,0,0,0,0,1,0

APPTR,R05,05,KALNU
IF,KALNU,4.544058,114.335986, ,0.0,0.0,1,2600,0,1,140,0,0,0
TF,AK05I,4.585272,114.307347,0, ,0.0,0.0,0.0,0.0,2,1500,0,0,0,0,1,0

APPTR,R05,05,SASGO
IF,SASGO,4.556533,114.266278, ,0.0,0.0,2,2000,0,0,0,0,0,0
TF,AK05I,4.585272,114.307347,0, ,0.0,0.0,0.0,0.0,2,1500,0,0,0,0,1,0

FINAL,R05,05,R,3
IF,AK05I,4.585272,114.307347, ,0.0,0.0,2,1500,0,0,0,0,0,0
TF,AK05F,4.614011,114.348419,0, ,0.0,0.0,55.0,3.0,1,800,0,0,0,0,2,0
TF,RW05,4.633167,114.375833,0, ,0.0,0.0,55.0,2.0,1,59,0,0,0,0,3,1
TF,ADBEP,4.666847,114.423953,0, ,0.0,0.0,0.0,0.0,3,1500,0,0,0,0,0,0
TF,DOVIL,4.772756,114.376256,0, ,0.0,0.0,0.0,0.0,1,1500,0,0,0,0,0,0
TF,NOMUT,4.797158,114.285717,0, ,0.0,0.0,0.0,0.0,1,2500,0,0,0,0,0,1
HM,NOMUT,4.797158,114.285717,2, ,0.0,0.0,145.0,04.3,2,2500,0,0,0,0,0,0,0

APPTR,R23,23,BUGDO
IF,BUGDO,4.733178,114.518806, ,0.0,0.0,1,2500,0,0,0,0,0,0
TF,AK23I,4.704450,114.477719,0, ,0.0,0.0,0.0,0.0,1,2500,0,0,0,0,1,0

APPTR,R23,23,IGONI
IF,IGONI,4.663217,114.506364, ,0.0,0.0,1,2500,0,0,0,0,0,0
TF,AK23I,4.704450,114.477719,0, ,0.0,0.0,0.0,0.0,1,2500,0,0,0,0,1,0

APPTR,R23,23,LANOV
IF,LANOV,4.788675,114.509617, ,0.0,0.0,1,2500,0,0,0,0,0,0
TF,AK23I,4.704450,114.477719,0, ,0.0,0.0,0.0,0.0,1,2500,0,0,0,0,1,0

APPTR,R23,23,SAMET
IF,SAMET,4.745686,114.449072, ,0.0,0.0,1,2500,0,0,0,0,0,0
TF,AK23I,4.704450,114.477719,0, ,0.0,0.0,0.0,0.0,1,2500,0,0,0,0,1,0

FINAL,R23,23,R,3
IF,AK23I,4.704450,114.477719, ,0.0,0.0,1,2500,0,0,0,0,0,0
TF,AK23F,4.674686,114.435156,0, ,0.0,0.0,235.0,3.1,1,1500,0,0,0,0,2,0
TF,RW23,4.637333,114.381833,0, ,0.0,0.0,235.0,3.9,1,59,0,0,0,0,3,1
TF,DUNAX,4.599642,114.327881,0, ,0.0,0.0,0.0,0.0,3,1500,0,0,0,0,0,0
TF,OLMIR,4.654000,114.300331,0, ,0.0,0.0,0.0,0.0,3,2500,0,0,0,0,0,0
TF,NOMUT,4.797158,114.285717,0, ,0.0,0.0,0.0,0.0,1,2500,0,0,0,0,0,1
HM,NOMUT,4.797158,114.285717,2, ,0.0,0.0,145.0,04.3,2,2500,0,0,0,0,0,0,0

