SID,APAT1B,34,2
CA,0,345.0,2,1200,0,0,0,0,0,0
VI,1, ,0.0,170.0,0,0,0,0,0,0,0,0
CF,APATU,4.323444,103.370333,0,VKN,16.2,34.2,196.0,4.0,2,4000,0,0,0,0,0,0
TF,VKN,3.773056,103.210833,0, ,0.0,0.0,0.0,0.0,0,0,0,0,0,0,0,0

SID,APAT1C,34,2
CA,0,342.0,2,1000,0,0,0,0,0,0
DF,VKP,4.532750,103.430111,2, ,0.0,0.0,0,0,0,0,0,0,0,0
TF,APATU,4.323444,103.370333,0, ,0.0,0.0,0.0,0.0,2,4000,0,0,0,0,0,0
TF,VKN,3.773056,103.210833,0, ,0.0,0.0,0.0,0.0,0,0,0,0,0,0,0,0

SID,APAT1D,16,2
CA,0,160.0,2,1700,0,0,0,0,0,0
VI,0, ,0.0,245.0,0,0,0,0,0,0,0,0
CF,APATU,4.323444,103.370333,0,VKN,16.2,34.2,196.0,8.0,2,4000,0,0,0,0,0,0
TF,VKN,3.773056,103.210833,0, ,0.0,0.0,0.0,0.0,0,0,0,0,0,0,0,0

STAR,APAT1A,34,2
IF,VKN,3.773056,103.210833, ,0.0,0.0,0,0,0,0,0,0,0,0
TF,APATU,4.323444,103.370333,0, ,0.0,0.0,0.0,0.0,2,4000,0,0,0,0,0,0
TF,D196K,4.355656,103.379522,0, ,0.0,0.0,0.0,0.0,2,2700,0,0,0,0,0,0
CI,0, ,0.0,16.0,0,0,0,0,0,0,0,0
AF,D171J,4.367331,103.456211,1,VKP,171.0,10.0,196.0,2,2500,0,0,0,0,0,1
CF,CI34Z,4.406267,103.467844,0,VKP,163.3,7.9,342.0,3.0,2,1600,0,0,0,0,0,0

STAR,DAGNO,ALL,2
IF,DAGNO,4.648778,104.087639, ,0.0,0.0,0,0,0,0,0,0,0,0
TF,KILUX,4.564694,103.610917,0, ,0.0,0.0,0.0,0.0,0,0,0,0,0,0,0,0

STAR,NIVEG,ALL,2
IF,NIVEG,5.112806,103.764167, ,0.0,0.0,0,0,0,0,0,0,0,0
TF,BIXAT,4.735778,103.546972,0, ,0.0,0.0,0.0,0.0,0,0,0,0,0,0,0,0

APPTR,D16-X,16,BIXAT
IF,BIXAT,4.735778,103.546972, ,0.0,0.0,0,0,0,0,0,0,0,0
TF,D030H,4.648781,103.496875,0, ,0.0,0.0,0.0,0.0,0,0,0,0,0,0,0,0
AF,D356H,4.666406,103.420794,1,VKP,356.0,8.0,30.0,2,2900,0,0,0,0,0,0
AF,CF16X,4.657833,103.382256,1,VKP,339.0,8.0,356.0,2,2100,0,0,0,0,1,0

APPTR,D16-X,16,KILUX
IF,KILUX,4.564694,103.610917, ,0.0,0.0,0,0,0,0,0,0,0,0
TF,D080H,4.556003,103.561597,0, ,0.0,0.0,0.0,0.0,0,0,0,0,0,0,0,0
AF,D356H,4.666406,103.420794,1,VKP,356.0,8.0,80.0,2,2900,0,0,0,0,0,0
AF,CF16X,4.657833,103.382256,1,VKP,339.0,8.0,356.0,2,2100,0,0,0,0,1,0

APPTR,D16-X,16,XODEP
IF,XODEP,4.748611,103.403556, ,0.0,0.0,2,3500,0,0,0,0,0,0
CR,0,VKP,346.0,192.0,2,2900,0,0,0,0,0,0
CF,CF16X,4.657833,103.382256,0,VKP,339.0,8.0,192.0,2.0,2,2100,0,0,0,0,1,0

FINAL,D16-X,16,D,3
IF,CF16X,4.657833,103.382256,VKP,339.0,8.0,2,2100,0,0,0,0,0,0
CF,FF16X,4.626561,103.394219,0,VKP,339.0,6.0,159.0,2.0,2,2100,0,0,0,0,2,0
CF,MA16,4.571839,103.415158,0,VKP,339.0,2.5,159.0,3.5,1,777,0,0,0,0,3,0
CF,VKP,4.532750,103.430111,0,VKP,0.0,0.0,159.0,2.5,0,0,0,0,0,0,0,0
CA,0,159.0,2,1500,0,0,0,0,0,0
CF,KILUX,4.564694,103.610917,1,VKP,80.0,11.0,57.0,11.0,2,3000,0,0,0,0,0,0

APPTR,D16-Y,16,VKP
IF,VKP,4.532750,103.430111, ,0.0,0.0,2,4000,0,0,0,0,0,0
TF,CF16X,4.657833,103.382256,0, ,0.0,0.0,0.0,0.0,0,0,0,0,0,0,0,0
FC,CF16X,4.657833,103.382256,0,VKP,0.0,0.0,294.0,3.0,2,3100,0,0,0,0,0,1
VI,2, ,0.0,114.0,2,2900,0,0,0,0,0,0
CF,CF16,4.673467,103.376272,0,VKP,339.0,9.0,159.0,4.0,2,2000,0,0,0,0,0,0

FINAL,D16-Y,16,D,3
IF,CF16,4.673467,103.376272,VKP,339.0,9.0,2,2000,0,0,0,0,0,0
CF,FF16,4.642197,103.388239,0,VKP,339.0,7.0,159.0,2.0,2,2000,0,0,0,0,2,0
CF,MA16,4.571839,103.415158,0,VKP,339.0,2.5,159.0,4.5,1,637,0,0,0,0,3,0
CF,VKP,4.532750,103.430111,0,VKP,0.0,0.0,159.0,2.5,0,0,0,0,0,0,0,0
CA,0,159.0,2,1500,0,0,0,0,0,0
DF,VKP,4.532750,103.430111,1, ,0.0,0.0,2,4000,0,0,0,0,0,0
HM,VKP,4.532750,103.430111,2, ,0.0,0.0,342.0,04.3,0,0,0,0,0,0,0,0,0

APPTR,D16-Z,16,D196K
IF,D196K,4.355656,103.379522, ,0.0,0.0,0,0,0,0,0,0,0,0
AF,D238K,4.435106,103.274447,2,VKP,238.0,11.0,196.0,2,5000,0,0,0,0,0,0
AF,D285K,4.580408,103.252775,2,VKP,285.0,11.0,238.0,2,4000,0,0,0,0,0,0
AF,D328K,4.688975,103.332808,2,VKP,328.0,11.0,285.0,2,2900,0,0,0,0,0,0
AF,D339K,4.704736,103.364306,2,VKP,339.0,11.0,328.0,0,0,0,0,0,0,0,0
TF,CF16,4.673467,103.376272,0, ,0.0,0.0,0.0,0.0,2,2000,0,0,0,0,1,0

FINAL,D16-Z,16,D,3
IF,CF16,4.673467,103.376272,VKP,339.0,9.0,2,2000,0,0,0,0,0,0
CF,FF16,4.642197,103.388239,0,VKP,339.0,7.0,159.0,2.0,2,2000,0,0,0,0,2,0
CF,MA16,4.571839,103.415158,0,VKP,339.0,2.5,159.0,4.5,1,637,0,0,0,0,3,0
CF,VKP,4.532750,103.430111,0,VKP,0.0,0.0,159.0,2.5,0,0,0,0,0,0,0,0
CA,0,159.0,2,1500,0,0,0,0,0,0
DF,VKP,4.532750,103.430111,1, ,0.0,0.0,2,4000,0,0,0,0,0,0
HM,VKP,4.532750,103.430111,2, ,0.0,0.0,342.0,04.3,0,0,0,0,0,0,0,0,0

APPTR,D34-X,34,BIXAT
IF,BIXAT,4.735778,103.546972, ,0.0,0.0,0,0,0,0,0,0,0,0
TF,D030G,4.634275,103.488528,0, ,0.0,0.0,0.0,0.0,0,0,0,0,0,0,0,0
AF,D130G,4.457369,103.519614,2,VKP,130.0,7.0,30.0,2,2700,0,0,0,0,0,0
AF,CS34X,4.419506,103.460342,2,VKP,165.0,7.0,130.0,2,2000,0,0,0,0,1,0

APPTR,D34-X,34,KILUX
IF,KILUX,4.564694,103.610917, ,0.0,0.0,0,0,0,0,0,0,0,0
TF,D080G,4.553097,103.545161,0, ,0.0,0.0,0.0,0.0,0,0,0,0,0,0,0,0
AF,D130G,4.457369,103.519614,2,VKP,130.0,7.0,80.0,2,2700,0,0,0,0,0,0
AF,CS34X,4.419506,103.460342,2,VKP,165.0,7.0,130.0,2,2000,0,0,0,0,1,0

APPTR,D34-X,34,XODEP
IF,XODEP,4.748611,103.403556, ,0.0,0.0,2,3500,0,0,0,0,0,0
TF,D353I,4.687344,103.411192,0, ,0.0,0.0,0.0,0.0,2,3500,0,0,0,0,0,0
TF,D353G,4.649111,103.415869,0, ,0.0,0.0,0.0,0.0,0,0,0,0,0,0,0,0
AF,D130G,4.457369,103.519614,2,VKP,130.0,7.0,353.0,2,2700,0,0,0,0,0,0
AF,CS34X,4.419506,103.460342,2,VKP,165.0,7.0,130.0,2,2000,0,0,0,0,1,0

FINAL,D34-X,34,D,3
IF,CS34X,4.419506,103.460342,VKP,165.0,7.0,2,2000,0,0,0,0,0,0
CF,FS34,4.451861,103.451706,0,VKP,165.0,5.0,345.0,2.0,2,2000,0,0,0,0,2,0
CF,MS34X,4.508483,103.436589,0,VKP,165.0,1.5,345.0,3.5,1,643,0,0,0,0,3,0
CA,0,345.0,2,1400,0,0,0,0,0,0
VM,0,0,2,73.0,2,3000,0,0,0,0,0,0

APPTR,D34-Y,34,VKP
IF,VKP,4.532750,103.430111, ,0.0,0.0,2,4000,0,0,0,0,0,0
TF,FS34,4.451861,103.451706,0, ,0.0,0.0,0.0,0.0,2,2500,0,0,0,0,0,0
FC,FS34,4.451861,103.451706,0,VKP,0.0,0.0,120.0,3.0,2,2500,0,0,0,0,0,1
VI,2, ,0.0,300.0,2,2500,0,0,0,0,0,0
CF,FS34,4.451861,103.451706,0,VKP,165.0,5.0,345.0,5.0,2,1600,0,0,0,0,0,0

FINAL,D34-Y,34,D,2
IF,FS34,4.451861,103.451706,VKP,165.0,5.0,2,1600,0,0,0,0,2,0
CF,MS34,4.498775,103.439181,0,VKP,165.0,2.1,345.0,2.9,1,719,0,0,0,0,3,0
CF,VKP,4.532750,103.430111,0,VKP,0.0,0.0,345.0,2.1,0,0,0,0,0,0,0,0
CA,0,345.0,2,1400,0,0,0,0,0,0
DF,VKP,4.532750,103.430111,1, ,0.0,0.0,2,4000,0,0,0,0,0,0
HM,VKP,4.532750,103.430111,2, ,0.0,0.0,162.0,04.3,0,0,0,0,0,0,0,0,0

FINAL,D34-Z,34,D,3
IF,CS34Z,4.403328,103.464658,VKP,165.0,8.0,2,1600,0,0,0,0,0,0
CF,FS34,4.451861,103.451706,0,VKP,165.0,5.0,345.0,3.0,2,1600,0,0,0,0,2,0
CF,MS34,4.498775,103.439181,0,VKP,165.0,2.1,345.0,2.9,1,719,0,0,0,0,3,0
CF,VKP,4.532750,103.430111,0,VKP,0.0,0.0,345.0,2.1,0,0,0,0,0,0,0,0
CA,0,345.0,2,1400,0,0,0,0,0,0
DF,VKP,4.532750,103.430111,1, ,0.0,0.0,2,4000,0,0,0,0,0,0
HM,VKP,4.532750,103.430111,2, ,0.0,0.0,162.0,04.3,0,0,0,0,0,0,0,0,0

APPTR,I34-X,34,BIXAT
IF,BIXAT,4.735778,103.546972, ,0.0,0.0,0,0,0,0,0,0,0,0
TF,D030G,4.634275,103.488528,0, ,0.0,0.0,0.0,0.0,0,0,0,0,0,0,0,0
AF,D130G,4.457369,103.519614,2,VKP,130.0,7.0,30.0,2,2700,0,0,0,0,0,0
AF,D162G,4.420361,103.463419,2,VKP,163.4,7.0,130.0,0,0,0,0,0,0,0,0
CF,CI34X,4.422239,103.462831,0,IKE,162.5,7.6,342.0,0.1,2,1500,0,0,0,0,0,0

APPTR,I34-X,34,KILUX
IF,KILUX,4.564694,103.610917, ,0.0,0.0,0,0,0,0,0,0,0,0
TF,D080G,4.553097,103.545161,0, ,0.0,0.0,0.0,0.0,0,0,0,0,0,0,0,0
AF,D130G,4.457369,103.519614,2,VKP,130.0,7.0,80.0,2,2700,0,0,0,0,0,0
AF,D162G,4.420361,103.463419,2,VKP,163.4,7.0,130.0,0,0,0,0,0,0,0,0
CF,CI34X,4.422239,103.462831,0,IKE,162.5,7.6,342.0,0.1,2,1500,0,0,0,0,0,0

APPTR,I34-X,34,XODEP
IF,XODEP,4.748611,103.403556, ,0.0,0.0,2,3500,0,0,0,0,0,0
TF,D353I,4.687344,103.411192,0, ,0.0,0.0,0.0,0.0,2,3500,0,0,0,0,0,0
TF,D353G,4.649111,103.415869,0, ,0.0,0.0,0.0,0.0,0,0,0,0,0,0,0,0
AF,D130G,4.457369,103.519614,2,VKP,130.0,7.0,353.0,2,2700,0,0,0,0,0,0
AF,D162G,4.420361,103.463419,2,VKP,163.4,7.0,130.0,0,0,0,0,0,0,0,0
CF,CI34X,4.422239,103.462831,0,IKE,162.5,7.6,342.0,0.1,2,1500,0,0,0,0,0,0

FINAL,I34-X,34,I,3
IF,CI34X,4.422239,103.462831,IKE,162.5,7.6,2,1500,0,0,0,0,0,0
CF,FI34X,4.459031,103.451275,0,IKE,162.5,5.3,342.0,2.3,1,1500,0,0,0,0,2,0
CF,RW34,4.531389,103.428564,0,IKE,162.5,0.8,342.0,4.5,1,70,0,0,0,0,3,0
CA,0,342.0,2,1400,0,0,0,0,0,0
VM,0,0,2,73.0,2,3000,0,0,0,0,0,0

APPTR,I34-Y,34,VKP
IF,VKP,4.532750,103.430111, ,0.0,0.0,2,4000,0,0,0,0,0,0
TF,D162E,4.453106,103.455892,0, ,0.0,0.0,0.0,0.0,2,2500,0,0,0,0,0,1
FC,D162E,4.453106,103.455892,0,VKP,0.0,0.0,117.0,3.0,2,2500,0,0,0,0,0,1
VI,2,IKE,0.0,297.0,2,2500,0,0,0,0,0,0

FINAL,I34-Y,34,I,3
IF,CI34Y,4.358342,103.482886,IKE,162.5,11.6,2,2500,0,0,0,0,0,0
CF,FF34,4.454189,103.452800,0,IKE,162.5,5.6,342.0,6.0,1,1600,0,0,0,0,2,0
CF,RW34,4.531389,103.428564,0,IKE,162.5,0.8,342.0,4.8,1,70,0,0,0,0,3,0
CA,0,342.0,2,1400,0,0,0,0,0,0
DF,VKP,4.532750,103.430111,1, ,0.0,0.0,2,4000,0,0,0,0,0,0
HM,VKP,4.532750,103.430111,2, ,0.0,0.0,162.0,04.3,0,0,0,0,0,0,0,0,0

FINAL,I34-Z,34,I,3
IF,CI34Z,4.406267,103.467844,IKE,162.5,8.6,2,1600,0,0,0,0,0,0
CF,FF34,4.454189,103.452800,0,IKE,162.5,5.6,342.0,3.0,1,1600,0,0,0,0,2,0
CF,RW34,4.531389,103.428564,0,IKE,162.5,0.8,342.0,4.8,1,70,0,0,0,0,3,0
CA,0,342.0,2,1400,0,0,0,0,0,0
DF,VKP,4.532750,103.430111,1, ,0.0,0.0,2,4000,0,0,0,0,0,0
HM,VKP,4.532750,103.430111,2, ,0.0,0.0,162.0,04.3,0,0,0,0,0,0,0,0,0

