APPTR,R03-Y,03,AKOGI
IF,AKOGI,-20.980250,115.399583, ,0.0,0.0,2,2000,0,0,0,0,1,0
TF,BEKED,-20.943806,115.362833,0, ,0.0,0.0,0.0,0.0,2,1670,0,0,0,0,1,0

APPTR,R03-Y,03,EMVEP
IF,EMVEP,-20.938083,115.309778, ,0.0,0.0,2,2000,0,0,0,0,1,0
TF,BEKED,-20.943806,115.362833,0, ,0.0,0.0,0.0,0.0,2,1670,0,0,0,0,1,0

APPTR,R03-Y,03,IGORU
IF,IGORU,-20.988694,115.338944, ,0.0,0.0,2,2000,0,0,0,0,1,0
TF,BEKED,-20.943806,115.362833,0, ,0.0,0.0,0.0,0.0,2,1670,0,0,0,0,1,0

FINAL,R03-Y,03,R,3
IF,BEKED,-20.943806,115.362833, ,0.0,0.0,2,1670,0,0,0,0,0,0
TF,DULUB,-20.898917,115.386722,0, ,0.0,0.0,26.0,3.0,2,710,0,0,0,0,2,0
TF,EPGIB,-20.869000,115.402611,0, ,0.0,0.0,26.0,2.0,1,75,0,0,0,0,3,1
DF,LUMDA,-20.911750,115.430972,2, ,0.0,0.0,0,0,0,0,0,0,0,0
VM,0,0,0,160.0,2,2000,0,0,0,0,0,0

APPTR,R03-Z,03,WX2SA
IF,WX2SA,-21.083361,115.382194, ,0.0,0.0,2,2000,0,1,210,0,1,0
TF,WX2SI,-21.022667,115.320889,0, ,0.0,0.0,0.0,0.0,2,2000,0,0,0,0,1,0

APPTR,R03-Z,03,WX2SB
IF,WX2SB,-21.097500,115.281083, ,0.0,0.0,2,2000,0,1,210,0,1,0
TF,WX2SI,-21.022667,115.320889,0, ,0.0,0.0,0.0,0.0,2,2000,0,0,0,0,1,0

APPTR,R03-Z,03,WX2SC
IF,WX2SC,-21.013139,115.232389, ,0.0,0.0,2,2000,0,1,210,0,1,0
TF,WX2SI,-21.022667,115.320889,0, ,0.0,0.0,0.0,0.0,2,2000,0,0,0,0,1,0

FINAL,R03-Z,03,R,3
IF,WX2SI,-21.022667,115.320889, ,0.0,0.0,2,2000,0,0,0,0,0,0
TF,WX2SF,-20.947861,115.360694,0, ,0.0,0.0,26.0,5.0,2,1750,0,0,0,0,2,0
TF,WX2SM,-20.873028,115.400472,0, ,0.0,0.0,26.0,5.0,1,161,0,0,0,0,3,1
DF,WX2SH,-20.905833,115.518278,2, ,0.0,0.0,0,0,0,1,210,0,0,0
VM,0,0,0,180.0,2,2000,0,0,0,0,0,0

APPTR,R21-Y,21,AKUVO
IF,AKUVO,-20.721111,115.401000, ,0.0,0.0,2,2000,0,0,0,0,1,0
TF,IGBER,-20.750972,115.443889,0, ,0.0,0.0,0.0,0.0,2,2000,0,0,0,0,1,0

APPTR,R21-Y,21,DOTLO
IF,DOTLO,-20.702861,115.459056, ,0.0,0.0,2,2000,0,0,0,0,1,0
TF,IGBER,-20.750972,115.443889,0, ,0.0,0.0,0.0,0.0,2,2000,0,0,0,0,1,0

APPTR,R21-Y,21,ESDIT
IF,ESDIT,-20.747917,115.497139, ,0.0,0.0,2,2000,0,0,0,0,1,0
TF,IGBER,-20.750972,115.443889,0, ,0.0,0.0,0.0,0.0,2,2000,0,0,0,0,1,0

FINAL,R21-Y,21,R,3
IF,IGBER,-20.750972,115.443889, ,0.0,0.0,2,2000,0,0,0,0,0,0
TF,KANRA,-20.799083,115.428694,0, ,0.0,0.0,196.0,3.0,2,1150,0,0,0,0,2,0
TF,MEVUM,-20.850417,115.412500,0, ,0.0,0.0,196.0,3.2,1,132,0,0,0,0,3,1
DF,TULPO,-20.898500,115.397306,0, ,0.0,0.0,0,0,0,0,0,0,0,0
CA,0,196.0,2,2000,0,0,0,0,0,0

APPTR,R21-Z,21,WX2ND
IF,WX2ND,-20.659500,115.373472, ,0.0,0.0,2,2000,0,0,0,0,1,0
TF,WX2NI,-20.679667,115.459722,0, ,0.0,0.0,0.0,0.0,2,2000,0,0,0,0,1,0

APPTR,R21-Z,21,WX2NE
IF,WX2NE,-20.598500,115.481139, ,0.0,0.0,2,2000,0,0,0,0,1,0
TF,WX2NI,-20.679667,115.459722,0, ,0.0,0.0,0.0,0.0,2,2000,0,0,0,0,1,0

APPTR,R21-Z,21,WX2NG
IF,WX2NG,-20.699806,115.546000, ,0.0,0.0,2,2000,0,0,0,0,1,0
TF,WX2NI,-20.679667,115.459722,0, ,0.0,0.0,0.0,0.0,2,2000,0,0,0,0,1,0

FINAL,R21-Z,21,R,3
IF,WX2NI,-20.679667,115.459722, ,0.0,0.0,2,2000,0,0,0,0,0,0
TF,WX2NF,-20.760861,115.438306,0, ,0.0,0.0,193.0,5.0,2,1890,0,0,0,0,2,0
TF,WX2NM,-20.842306,115.416806,0, ,0.0,0.0,193.0,5.0,1,301,0,0,0,0,3,1
DF,WX2NH,-20.891028,115.403917,0, ,0.0,0.0,0,0,0,0,0,0,0,0
CA,0,193.0,2,2000,0,0,0,0,0,0

