SID,ABAS5A,03,1
DF,DER03,-34.935658,150.552131,0, ,0.0,0.0,0,0,0,0,0,0,0,1
CA,0,32.0,2,1000,0,0,0,0,0,0
CF,ABASS,-34.583389,150.943444,0,CB,52.6,95.8,30.0,28.0,0,0,0,0,0,0,0,0

SID,ABAS5A,08,1
DF,DER08,-34.949308,150.549458,0, ,0.0,0.0,0,0,0,0,0,0,0,1
CA,0,82.0,2,1000,0,1,180,0,0,0
CI,1, ,0.0,330.0,0,0,0,0,0,0,0,0
CF,ABASS,-34.583389,150.943444,0,CB,52.6,95.8,30.0,26.0,0,0,0,0,0,0,0,0

SID,ABAS5A,26,1
DF,DER26,-34.947867,150.526597,0, ,0.0,0.0,0,0,0,0,0,0,0,1
CA,0,262.0,2,1100,0,0,0,0,0,0
CI,2, ,0.0,70.0,0,0,0,0,0,0,0,0
CF,ABASS,-34.583389,150.943444,0,CB,52.6,95.8,30.0,24.0,0,0,0,0,0,0,0,0

SID,ABAS5T,21,2
DF,DER21,-34.948839,150.536464,0, ,0.0,0.0,0,0,0,0,0,0,0,1
CA,0,212.0,2,1300,0,0,0,0,0,0
CR,2,NWR,300.0,30.0,0,0,0,0,0,0,0,0
VI,0, ,0.0,59.0,0,0,0,0,0,0,0,0
CF,ABASS,-34.583389,150.943444,0,NWR,29.4,29.8,29.0,23.0,0,0,0,0,0,0,0,0

SID,AKMI3A,03,1
DF,DER03,-34.935658,150.552131,0, ,0.0,0.0,0,0,0,0,0,0,0,1
CA,0,32.0,2,1000,0,0,0,0,0,0
CI,1, ,0.0,270.0,0,0,0,0,0,0,0,0
CF,AKMIR,-34.178556,150.106750,0,CB,22.6,80.0,323.0,46.0,0,0,0,0,0,0,0,0

SID,AKMI3A,08,1
DF,DER08,-34.949308,150.549458,0, ,0.0,0.0,0,0,0,0,0,0,0,1
CA,0,82.0,2,1000,0,1,180,0,0,0
CI,1, ,0.0,285.0,0,0,0,0,0,0,0,0
CF,AKMIR,-34.178556,150.106750,0,CB,22.6,80.0,323.0,45.0,0,0,0,0,0,0,0,0

SID,AKMI3A,21,1
DF,DER21,-34.948839,150.536464,0, ,0.0,0.0,0,0,0,0,0,0,0,1
CA,0,212.0,2,1300,0,0,0,0,0,0
CI,2, ,0.0,30.0,0,0,0,0,0,0,0,0
CF,AKMIR,-34.178556,150.106750,0,CB,22.6,80.0,323.0,48.0,0,0,0,0,0,0,0,0

SID,AKMI3A,26,1
DF,DER26,-34.947867,150.526597,0, ,0.0,0.0,0,0,0,0,0,0,0,1
CA,0,262.0,2,1100,0,0,0,0,0,0
CI,2, ,0.0,25.0,0,0,0,0,0,0,0,0
CF,AKMIR,-34.178556,150.106750,0,CB,22.6,80.0,323.0,47.0,0,0,0,0,0,0,0,0

SID,CB5A,08,1
DF,DER08,-34.949308,150.549458,0, ,0.0,0.0,0,0,0,0,0,0,0,1
CA,0,82.0,2,1000,0,1,180,0,0,0
CI,2, ,0.0,260.0,0,0,0,0,0,0,0,0
IF,NWA,-34.951111,150.529722, ,0.0,0.0,0,0,0,0,0,0,0,0
TF,CB,-35.281444,149.195731,0, ,0.0,0.0,0.0,0.0,0,0,0,0,0,0,0,0

SID,CB5A,21,1
DF,DER21,-34.948839,150.536464,0, ,0.0,0.0,0,0,0,0,0,0,0,1
CA,0,212.0,2,1300,0,0,0,0,0,0
CI,2, ,0.0,320.0,0,0,0,0,0,0,0,0
IF,NWA,-34.951111,150.529722, ,0.0,0.0,0,0,0,0,0,0,0,0
TF,CB,-35.281444,149.195731,0, ,0.0,0.0,0.0,0.0,0,0,0,0,0,0,0,0

SID,CB5A,26,1
DF,DER26,-34.947867,150.526597,0, ,0.0,0.0,0,0,0,0,0,0,0,1
CA,0,262.0,2,1100,0,0,0,0,0,0
CI,0, ,0.0,180.0,0,0,0,0,0,0,0,0
IF,NWA,-34.951111,150.529722, ,0.0,0.0,0,0,0,0,0,0,0,0
TF,CB,-35.281444,149.195731,0, ,0.0,0.0,0.0,0.0,0,0,0,0,0,0,0,0

SID,CB5T,03,2
DF,DER03,-34.935658,150.552131,0, ,0.0,0.0,0,0,0,0,0,0,0,1
CA,0,32.0,2,1000,0,0,0,0,0,0
CR,1,NWR,300.0,210.0,0,0,0,0,0,0,0,0
VI,0, ,0.0,210.0,0,0,0,0,0,0,0,0
IF,NWR,-34.951056,150.538000, ,0.0,0.0,0,0,0,0,0,0,0,0
TF,CB,-35.281444,149.195731,0, ,0.0,0.0,0.0,0.0,0,0,0,0,0,0,0,0

SID,COM5A,08,1
DF,DER08,-34.949308,150.549458,0, ,0.0,0.0,0,0,0,0,0,0,0,1
CA,0,82.0,2,1000,0,1,180,0,0,0
CI,2, ,0.0,260.0,0,0,0,0,0,0,0,0
IF,NWA,-34.951111,150.529722, ,0.0,0.0,0,0,0,0,0,0,0,0
TF,COM,-36.353786,148.957519,0, ,0.0,0.0,0.0,0.0,0,0,0,0,0,0,0,0

SID,COM5A,21,1
DF,DER21,-34.948839,150.536464,0, ,0.0,0.0,0,0,0,0,0,0,0,1
CA,0,212.0,2,1300,0,0,0,0,0,0
IF,NWA,-34.951111,150.529722, ,0.0,0.0,0,0,0,0,0,0,0,0
TF,COM,-36.353786,148.957519,0, ,0.0,0.0,0.0,0.0,0,0,0,0,0,0,0,0

SID,COM5A,26,1
DF,DER26,-34.947867,150.526597,0, ,0.0,0.0,0,0,0,0,0,0,0,1
CA,0,262.0,2,1100,0,0,0,0,0,0
CI,1, ,0.0,145.0,0,0,0,0,0,0,0,0
IF,NWA,-34.951111,150.529722, ,0.0,0.0,0,0,0,0,0,0,0,0
TF,COM,-36.353786,148.957519,0, ,0.0,0.0,0.0,0.0,0,0,0,0,0,0,0,0

SID,COM5T,03,2
DF,DER03,-34.935658,150.552131,0, ,0.0,0.0,0,0,0,0,0,0,0,1
CA,0,32.0,2,1000,0,0,0,0,0,0
CR,1,NWR,300.0,210.0,0,0,0,0,0,0,0,0
VI,0, ,0.0,179.0,0,0,0,0,0,0,0,0
IF,NWR,-34.951056,150.538000, ,0.0,0.0,0,0,0,0,0,0,0,0
TF,COM,-36.353786,148.957519,0, ,0.0,0.0,0.0,0.0,0,0,0,0,0,0,0,0

SID,GLB5A,03,1
DF,DER03,-34.935658,150.552131,0, ,0.0,0.0,0,0,0,0,0,0,0,1
CA,0,32.0,2,1000,0,0,0,0,0,0
CI,1, ,0.0,240.0,0,0,0,0,0,0,0,0
CF,GLB,-34.807178,149.737172,0,CB,31.4,39.0,269.0,33.0,0,0,0,0,0,0,0,0

SID,GLB5A,21,1
DF,DER21,-34.948839,150.536464,0, ,0.0,0.0,0,0,0,0,0,0,0,1
CA,0,212.0,2,1300,0,0,0,0,0,0
CI,2, ,0.0,320.0,0,0,0,0,0,0,0,0
CF,GLB,-34.807178,149.737172,0,CB,31.4,39.0,269.0,36.0,0,0,0,0,0,0,0,0

SID,GLB5A,26,1
DF,DER26,-34.947867,150.526597,0, ,0.0,0.0,0,0,0,0,0,0,0,1
CA,0,262.0,2,1100,0,0,0,0,0,0
CI,0, ,0.0,320.0,0,0,0,0,0,0,0,0
CF,GLB,-34.807178,149.737172,0,CB,31.4,39.0,269.0,38.0,0,0,0,0,0,0,0,0

SID,GLB5T,08,2
DF,DER08,-34.949308,150.549458,0, ,0.0,0.0,0,0,0,0,0,0,0,1
CA,0,82.0,2,1000,0,1,180,0,0,0
CR,1,NWR,350.0,260.0,0,0,0,0,0,0,0,0
VI,0, ,0.0,239.0,0,0,0,0,0,0,0,0
CF,GLB,-34.807178,149.737172,0,NWR,269.1,40.5,269.0,34.0,0,0,0,0,0,0,0,0

SID,NWA5,03,1
DF,DER03,-34.935658,150.552131,0, ,0.0,0.0,0,0,0,0,0,0,0,1
CA,0,32.0,2,1000,0,0,0,0,0,0
VM,0,0,0,32.0,0,0,0,0,0,0,0,0

SID,NWA5,08,1
DF,DER08,-34.949308,150.549458,0, ,0.0,0.0,0,0,0,0,0,0,0,1
CA,0,82.0,2,1000,0,0,0,0,0,0
VM,0,0,0,82.0,0,0,0,0,0,0,0,0

SID,NWA5,21,1
DF,DER21,-34.948839,150.536464,0, ,0.0,0.0,0,0,0,0,0,0,0,1
CA,0,212.0,2,1300,0,0,0,0,0,0
VM,0,0,0,212.0,0,0,0,0,0,0,0,0

SID,NWA5,26,1
DF,DER26,-34.947867,150.526597,0, ,0.0,0.0,0,0,0,0,0,0,0,1
CA,0,262.0,2,1000,0,0,0,0,0,0
VM,0,0,0,262.0,0,0,0,0,0,0,0,0

SID,TONT5A,03,1
DF,DER03,-34.935658,150.552131,0, ,0.0,0.0,0,0,0,0,0,0,0,1
CA,0,32.0,2,1000,0,0,0,0,0,0
CI,0, ,0.0,315.0,0,0,0,0,0,0,0,0
CF,TONTO,-34.292683,150.644981,0,CB,38.8,92.9,355.0,36.0,0,0,0,0,0,0,0,0

SID,TONT5A,08,1
DF,DER08,-34.949308,150.549458,0, ,0.0,0.0,0,0,0,0,0,0,0,1
CA,0,82.0,2,1000,0,1,180,0,0,0
CI,1, ,0.0,285.0,0,0,0,0,0,0,0,0
CF,TONTO,-34.292683,150.644981,0,CB,38.8,92.9,355.0,36.0,0,0,0,0,0,0,0,0

SID,TONT5A,21,1
DF,DER21,-34.948839,150.536464,0, ,0.0,0.0,0,0,0,0,0,0,0,1
CA,0,212.0,2,1300,0,0,0,0,0,0
CI,2, ,0.0,30.0,0,0,0,0,0,0,0,0
CF,TONTO,-34.292683,150.644981,0,CB,38.8,92.9,355.0,34.0,0,0,0,0,0,0,0,0

SID,TONT5A,26,1
DF,DER26,-34.947867,150.526597,0, ,0.0,0.0,0,0,0,0,0,0,0,1
CA,0,262.0,2,1100,0,0,0,0,0,0
CI,2, ,0.0,25.0,0,0,0,0,0,0,0,0
CF,TONTO,-34.292683,150.644981,0,CB,38.8,92.9,355.0,33.0,0,0,0,0,0,0,0,0

SID,URBO3A,08,1
DF,DER08,-34.949308,150.549458,0, ,0.0,0.0,0,0,0,0,0,0,0,1
CA,0,82.0,2,1000,0,1,180,0,0,0
CI,2, ,0.0,260.0,0,0,0,0,0,0,0,0
IF,NWA,-34.951111,150.529722, ,0.0,0.0,0,0,0,0,0,0,0,0
TF,URBOB,-35.898372,150.142742,0, ,0.0,0.0,0.0,0.0,0,0,0,0,0,0,0,0

SID,URBO3A,21,1
DF,DER21,-34.948839,150.536464,0, ,0.0,0.0,0,0,0,0,0,0,0,1
CA,0,212.0,2,1300,0,0,0,0,0,0
CI,0, ,0.0,145.0,0,0,0,0,0,0,0,0
IF,NWA,-34.951111,150.529722, ,0.0,0.0,0,0,0,0,0,0,0,0
TF,URBOB,-35.898372,150.142742,0, ,0.0,0.0,0.0,0.0,0,0,0,0,0,0,0,0

SID,URBO3A,26,1
DF,DER26,-34.947867,150.526597,0, ,0.0,0.0,0,0,0,0,0,0,0,1
CA,0,262.0,2,1100,0,0,0,0,0,0
CI,1, ,0.0,145.0,0,0,0,0,0,0,0,0
IF,NWA,-34.951111,150.529722, ,0.0,0.0,0,0,0,0,0,0,0,0
TF,URBOB,-35.898372,150.142742,0, ,0.0,0.0,0.0,0.0,0,0,0,0,0,0,0,0

SID,URBO3T,03,2
DF,DER03,-34.935658,150.552131,0, ,0.0,0.0,0,0,0,0,0,0,0,1
CA,0,32.0,2,1000,0,0,0,0,0,0
CR,2,NWR,120.0,210.0,0,0,0,1,180,0,0,0
CI,0, ,0.0,255.0,0,0,0,0,0,0,0,0
CF,URBOB,-35.898372,150.142742,0,NWR,185.7,60.0,186.0,58.0,0,0,0,0,0,0,0,0

SID,WOL5A,03,1
DF,DER03,-34.935658,150.552131,0, ,0.0,0.0,0,0,0,0,0,0,0,1
CA,0,32.0,2,1000,0,0,0,0,0,0
CI,0, ,0.0,315.0,0,0,0,0,0,0,0,0
CF,WOL,-34.557931,150.790992,0,CB,49.6,89.9,16.0,24.0,0,0,0,0,0,0,0,0

SID,WOL5A,08,1
DF,DER08,-34.949308,150.549458,0, ,0.0,0.0,0,0,0,0,0,0,0,1
CA,0,82.0,2,1000,0,1,180,0,0,0
CI,1, ,0.0,330.0,0,0,0,0,0,0,0,0
CF,WOL,-34.557931,150.790992,0,CB,49.6,89.9,16.0,22.0,0,0,0,0,0,0,0,0

SID,WOL5A,26,1
DF,DER26,-34.947867,150.526597,0, ,0.0,0.0,0,0,0,0,0,0,0,1
CA,0,262.0,2,1100,0,0,0,0,0,0
CI,2, ,0.0,70.0,0,0,0,0,0,0,0,0
CF,WOL,-34.557931,150.790992,0,CB,49.6,89.9,16.0,23.0,0,0,0,0,0,0,0,0

SID,WOL5T,21,2
DF,DER21,-34.948839,150.536464,0, ,0.0,0.0,0,0,0,0,0,0,0,1
CA,0,212.0,2,1300,0,0,0,0,0,0
CR,2,NWR,300.0,30.0,0,0,0,0,0,0,0,0
VI,0, ,0.0,45.0,0,0,0,0,0,0,0,0
CF,WOL,-34.557931,150.790992,0,NWR,15.1,26.7,15.0,20.0,0,0,0,0,0,0,0,0

APPTR,I21-W,21,D057J
IF,D057J,-34.893833,150.728333, ,0.0,0.0,2,3700,0,0,0,0,1,0
AF,D032J,-34.829983,150.677647,1,NWR,30.6,10.0,57.0,2,2400,0,0,0,0,0,0
CF,CI21W,-34.861861,150.639903,0,INA,31.5,7.5,212.0,2.7,2,2400,0,0,0,0,0,0

FINAL,I21-W,21,I,3
IF,CI21W,-34.861861,150.639903,INA,31.5,7.5,2,2400,0,0,0,0,0,0
CF,TORAG,-34.865306,150.635750,0,INA,31.4,7.2,212.0,0.3,1,2300,0,0,0,0,2,0
CF,RW21,-34.935658,150.552131,0,INA,31.4,1.3,212.0,5.9,1,426,0,0,0,0,3,0
CA,0,212.0,2,4300,0,0,0,0,0,0

APPTR,I21-X,21,D031O
IF,D031O,-34.770333,150.748167, ,0.0,0.0,0,0,0,0,0,0,1,0
CF,CI21X,-34.806992,150.705006,0,INA,31.5,12.1,212.0,3.1,2,3100,0,0,0,0,0,0

APPTR,I21-X,21,PUKEV
IF,PUKEV,-34.865094,150.823475, ,0.0,0.0,0,0,0,0,0,0,1,0
AF,D031O,-34.770333,150.748167,1,NWR,30.9,15.0,57.0,2,3100,0,0,0,0,0,0
CF,CI21X,-34.806992,150.705006,0,INA,31.5,12.1,212.0,3.1,2,3100,0,0,0,0,0,0

FINAL,I21-X,21,I,3
IF,CI21X,-34.806992,150.705006,INA,31.5,12.1,2,3100,0,0,0,0,0,0
CF,TORAG,-34.865306,150.635750,0,INA,31.4,7.2,212.0,4.9,1,2300,0,0,0,0,2,0
CF,RW21,-34.935658,150.552131,0,INA,31.4,1.3,212.0,5.9,1,426,0,0,0,0,3,0
CA,0,212.0,2,4300,0,0,0,0,0,0

APPTR,I21-Y,21,AGSUL
IF,AGSUL,-34.881819,150.830103, ,0.0,0.0,2,4300,0,0,0,0,1,0
AF,UBMEP,-34.770319,150.748194,1,NWR,30.9,15.0,61.0,2,4300,0,0,0,0,0,0
CF,CI21Y,-34.806103,150.705942,0,INA,31.4,12.2,212.0,3.0,2,3100,0,0,0,0,0,0

APPTR,I21-Y,21,NWA
IF,NWA,-34.951111,150.529722, ,0.0,0.0,2,4300,0,0,0,0,1,0
TF,AGSUL,-34.881819,150.830103,0, ,0.0,0.0,0.0,0.0,2,4300,0,0,0,0,0,0
AF,UBMEP,-34.770319,150.748194,1,NWR,30.9,15.0,61.0,2,4300,0,0,0,0,0,0
CF,CI21Y,-34.806103,150.705942,0,INA,31.4,12.2,212.0,3.0,2,3100,0,0,0,0,0,0

APPTR,I21-Y,21,UBMEP
IF,UBMEP,-34.770319,150.748194, ,0.0,0.0,2,4300,0,0,0,0,1,0
CF,CI21Y,-34.806103,150.705942,0,INA,31.4,12.2,212.0,3.0,2,3100,0,0,0,0,0,0

FINAL,I21-Y,21,I,3
IF,CI21Y,-34.806103,150.705942,INA,31.4,12.2,2,3100,0,0,0,0,0,0
CF,TORAG,-34.865306,150.635750,0,INA,31.4,7.2,212.0,5.0,1,2300,0,0,0,0,2,0
CF,RW21,-34.935658,150.552131,0,INA,31.4,1.3,212.0,5.9,1,426,0,0,0,0,3,0
CA,0,212.0,2,4300,0,0,0,0,0,0

APPTR,I21-Z,21,D032O
IF,D032O,-34.759269,150.761519, ,0.0,0.0,2,4300,0,0,0,0,1,0
CF,CI21Z,-34.790000,150.724767,0,INA,31.4,13.5,212.0,2.6,2,4300,0,0,0,0,0,0

FINAL,I21-Z,21,I,3
IF,CI21Z,-34.790000,150.724767,INA,31.4,13.5,2,4300,0,0,0,0,0,0
CF,TORAG,-34.865306,150.635750,0,INA,31.4,7.2,212.0,6.3,1,2300,0,0,0,0,2,0
CF,RW21,-34.935658,150.552131,0,INA,31.4,1.3,212.0,5.9,1,426,0,0,0,0,3,0
CA,0,212.0,2,4300,0,0,0,0,0,0

FINAL,N03-A,03,N,2
IF,FF215,-34.885708,150.617828,NWA,0.0,0.0,2,2200,0,0,0,0,2,0
CF,NWA,-34.951111,150.529722,0,NWA,0.0,0.0,215.0,5.9,1,1580,0,0,0,0,3,0
CA,0,200.0,2,4300,0,0,0,0,0,0

FINAL,N08-A,08,N,2
IF,FF215,-34.885708,150.617828,NWA,0.0,0.0,2,2200,0,0,0,0,2,0
CF,NWA,-34.951111,150.529722,0,NWA,0.0,0.0,215.0,5.9,1,1580,0,0,0,0,3,0
CA,0,200.0,2,4300,0,0,0,0,0,0

FINAL,N21-A,21,N,2
IF,FF215,-34.885708,150.617828,NWA,0.0,0.0,2,2200,0,0,0,0,2,0
CF,NWA,-34.951111,150.529722,0,NWA,0.0,0.0,215.0,5.9,1,1580,0,0,0,0,3,0
CA,0,200.0,2,4300,0,0,0,0,0,0

APPTR,N26,26,NWA
IF,NWA,-34.951111,150.529722, ,0.0,0.0,2,2500,0,0,0,0,1,0
FC,NWA,-34.951111,150.529722,0,NWA,0.0,0.0,55.0,4.9,0,0,0,1,100,0,0,1
CF,FN26,-34.946764,150.629500,2,NWA,74.0,4.9,254.0,1.0,2,1700,0,0,0,0,0,0

FINAL,N26,26,N,2
IF,FN26,-34.946764,150.629500,NWA,0.0,0.0,2,1700,0,0,0,0,2,0
CF,RW26,-34.949247,150.548464,0,NWA,0.0,0.0,254.0,4.0,1,409,0,0,0,0,3,0
CF,NWA,-34.951111,150.529722,0,NWA,0.0,0.0,254.0,0.9,2,900,0,0,0,0,0,1
FM,NWA,-34.951111,150.529722,0,NWA,0.0,0.0,200.0,2,4300,0,0,0,0,0,0

FINAL,N26-A,26,N,2
IF,FF215,-34.885708,150.617828,NWA,0.0,0.0,2,2200,0,0,0,0,2,0
CF,NWA,-34.951111,150.529722,0,NWA,0.0,0.0,215.0,5.9,1,1580,0,0,0,0,3,0
CA,0,200.0,2,4300,0,0,0,0,0,0

APPTR,Q21,21,D033N
IF,D033N,-34.785178,150.737769, ,0.0,0.0,2,4300,0,0,0,0,1,0
TF,CF21,-34.820044,150.694158,0, ,0.0,0.0,0.0,0.0,2,3560,0,0,0,0,0,0

FINAL,Q21,21,N,3
IF,CF21,-34.820044,150.694158,NWA,0.0,0.0,2,3560,0,0,0,0,0,0
CF,FF21,-34.866519,150.635942,0,NWA,0.0,0.0,213.0,4.0,2,2290,0,0,0,0,2,0
CF,RW21,-34.935658,150.552131,0,NWR,0.0,1.2,213.0,5.9,1,426,0,0,0,0,3,0
CF,NWA,-34.951111,150.529722,0,NWR,256.5,0.4,213.0,1.4,0,0,0,0,0,0,0,0
CA,0,200.0,2,4300,0,0,0,0,0,0

APPTR,R03,03,NW2SK
IF,NW2SK,-35.120928,150.474286, ,0.0,0.0,2,4300,0,1,200,0,1,0
TF,NW2SI,-35.065300,150.429389,0, ,0.0,0.0,0.0,0.0,2,3200,0,0,0,0,1,0

APPTR,R03,03,NW2SL
IF,NW2SL,-35.118983,150.381114, ,0.0,0.0,2,4300,0,1,200,0,1,0
TF,NW2SI,-35.065300,150.429389,0, ,0.0,0.0,0.0,0.0,2,3200,0,0,0,0,1,0

APPTR,R03,03,NW2SN
IF,NW2SN,-35.046369,150.351539, ,0.0,0.0,2,4300,0,1,200,0,1,0
TF,NW2SI,-35.065300,150.429389,0, ,0.0,0.0,0.0,0.0,2,3200,0,0,0,0,1,0

FINAL,R03,03,R,3
IF,NW2SI,-35.065300,150.429389, ,0.0,0.0,2,3200,0,0,0,0,0,0
TF,NW2SF,-35.011594,150.477594,0, ,0.0,0.0,24.0,4.0,2,1920,0,0,0,0,2,0
TF,NW2SM,-34.957867,150.525739,0, ,0.0,0.0,24.0,4.0,1,649,0,0,0,0,3,1
DF,NW2ST,-34.917556,150.561806,0, ,0.0,0.0,0,0,0,0,0,0,0,0
CA,0,60.0,2,3300,0,0,0,0,0,0

APPTR,R21,21,NW2NA
IF,NW2NA,-34.775469,150.635669, ,0.0,0.0,2,4300,0,1,200,0,1,0
TF,NW2NI,-34.835647,150.670756,0, ,0.0,0.0,0.0,0.0,2,3090,0,0,0,0,1,0

APPTR,R21,21,NW2NC
IF,NW2NC,-34.787850,150.727294, ,0.0,0.0,2,4300,0,1,200,0,1,0
TF,NW2NI,-34.835647,150.670756,0, ,0.0,0.0,0.0,0.0,2,3090,0,0,0,0,1,0

APPTR,R21,21,NW2ND
IF,NW2ND,-34.863114,150.744586, ,0.0,0.0,2,4300,0,1,200,0,1,0
TF,NW2NI,-34.835647,150.670756,0, ,0.0,0.0,0.0,0.0,2,3090,0,0,0,0,1,0

FINAL,R21,21,R,3
IF,NW2NI,-34.835647,150.670756, ,0.0,0.0,2,3090,0,0,0,0,0,0
TF,NW2NF,-34.883419,150.614147,0, ,0.0,0.0,211.0,4.0,2,1820,0,0,0,0,2,0
TF,NW2NM,-34.931161,150.557475,0, ,0.0,0.0,212.0,4.0,1,547,0,0,0,0,3,1
DF,NW2NT,-34.966944,150.514931,0, ,0.0,0.0,0,0,0,0,0,0,0,0
CA,0,200.0,2,4300,0,0,0,0,0,0

APPTR,R26,26,NW2EE
IF,NW2EE,-34.898944,150.751181, ,0.0,0.0,2,3000,0,1,200,0,1,0
TF,NW2EI,-34.959817,150.717847,0, ,0.0,0.0,0.0,0.0,2,3000,0,0,0,0,1,0

APPTR,R26,26,NW2EG
IF,NW2EG,-34.964781,150.798739, ,0.0,0.0,2,3000,0,1,200,0,1,0
TF,NW2EI,-34.959817,150.717847,0, ,0.0,0.0,0.0,0.0,2,3000,0,0,0,0,1,0

APPTR,R26,26,NW2EJ
IF,NW2EJ,-35.024094,150.739833, ,0.0,0.0,2,3000,0,1,200,0,1,0
TF,NW2EI,-34.959817,150.717847,0, ,0.0,0.0,0.0,0.0,2,3000,0,0,0,0,1,0

FINAL,R26,26,R,3
IF,NW2EI,-34.959817,150.717847, ,0.0,0.0,2,3000,0,0,0,0,0,0
TF,NW2EF,-34.954800,150.636967,0, ,0.0,0.0,261.0,4.0,2,1800,0,0,0,0,2,0
TF,NW2EM,-34.949731,150.556097,0, ,0.0,0.0,262.0,4.0,1,532,0,0,0,0,3,1
DF,NW2ET,-34.945817,150.494269,0, ,0.0,0.0,0,0,0,0,0,0,0,0
CA,0,200.0,2,4300,0,1,210,0,0,0

APPTR,T03,03,D213O
IF,D213O,-35.124833,150.318833, ,0.0,0.0,0,0,0,0,0,0,1,0
CF,CT03,-35.066864,150.391847,0,NWR,213.0,10.0,33.0,5.0,2,3200,0,0,0,0,1,0

FINAL,T03,03,D,4
IF,CT03,-35.066864,150.391847,NWR,213.0,10.0,2,3200,0,0,0,0,0,0
CF,FT03,-35.008983,150.464969,0,NWR,213.0,5.0,33.0,5.0,2,2010,0,0,0,0,2,0
CF,27TAC,-34.982344,150.498569,0,NWR,213.0,2.7,33.0,2.3,2,1280,0,0,0,0,0,0
CF,NWR,-34.951056,150.538000,0,NWR,0.0,0.0,33.0,2.7,1,421,0,0,0,0,3,1
CA,0,39.0,2,4300,0,0,0,0,0,0

APPTR,T21-Y,21,D057J
IF,D057J,-34.893833,150.728333, ,0.0,0.0,2,2500,0,0,0,0,1,0
AF,CT21Y,-34.828883,150.676072,1,NWR,30.0,10.0,57.0,2,2500,0,0,0,0,0,0

FINAL,T21-Y,21,D,3
IF,CT21Y,-34.828883,150.676072,NWR,30.0,10.0,2,2500,0,0,0,0,0,0
CF,FT21,-34.865550,150.634694,0,NWR,30.0,7.0,210.0,3.0,2,2290,0,0,0,0,2,0
CF,MT21,-34.932739,150.558736,0,NWR,30.0,1.5,210.0,5.5,1,539,0,0,0,0,3,1
DF,NWR,-34.951056,150.538000,0, ,0.0,0.0,0,0,0,0,0,0,0,0
FM,NWR,-34.951056,150.538000,0,NWR,0.0,0.0,200.0,2,4300,0,0,0,0,0,0

APPTR,T21-Z,21,ELSAV
IF,ELSAV,-34.767758,150.744939, ,0.0,0.0,0,0,0,0,0,0,1,0
CF,CT21,-34.804431,150.703639,0,NWR,30.0,12.0,210.0,3.0,2,3100,0,0,0,0,1,0

APPTR,T21-Z,21,PUKEV
IF,PUKEV,-34.865094,150.823475, ,0.0,0.0,0,0,0,0,0,0,1,0
AF,ELSAV,-34.767758,150.744939,1,NWR,30.0,15.0,57.0,2,3100,0,0,0,0,0,0
CF,CT21,-34.804431,150.703639,0,NWR,30.0,12.0,210.0,3.0,2,3100,0,0,0,0,1,0

FINAL,T21-Z,21,D,3
IF,CT21,-34.804431,150.703639,NWR,30.0,12.0,2,3100,0,0,0,0,0,0
CF,FT21,-34.865550,150.634694,0,NWR,30.0,7.0,210.0,5.0,2,2290,0,0,0,0,2,0
CF,MT21,-34.932739,150.558736,0,NWR,30.0,1.5,210.0,5.5,1,538,0,0,0,0,3,1
DF,NWR,-34.951056,150.538000,0, ,0.0,0.0,0,0,0,0,0,0,0,0
FM,NWR,-34.951056,150.538000,0,NWR,0.0,0.0,200.0,2,4300,0,0,0,0,0,0

APPTR,T26-Y,26,D057J
IF,D057J,-34.893833,150.728333, ,0.0,0.0,2,2800,0,0,0,0,1,0
AF,CT26Y,-34.959622,150.740497,2,NWR,80.0,10.0,57.0,2,2800,0,0,0,0,0,0

FINAL,T26-Y,26,D,3
IF,CT26Y,-34.959622,150.740497,NWR,80.0,10.0,2,2800,0,0,0,0,0,0
CF,FT26,-34.956064,150.655442,0,NWR,80.0,5.8,260.0,4.2,2,2090,0,0,0,0,2,0
CF,MT26,-34.951753,150.554197,0,NWR,80.0,0.8,260.0,5.0,1,503,0,0,0,0,3,1
DF,NWR,-34.951056,150.538000,0, ,0.0,0.0,0,0,0,0,0,0,0,0
FM,NWR,-34.951056,150.538000,0,NWR,0.0,0.0,200.0,2,4300,0,0,0,0,0,0

APPTR,T26-Z,26,PUKEV
IF,PUKEV,-34.865094,150.823475, ,0.0,0.0,0,0,0,0,0,0,1,0
AF,D080O,-34.963781,150.841761,2,NWR,80.0,15.0,57.0,2,3000,0,0,0,0,0,0
TF,CT26Z,-34.961294,150.781003,0, ,0.0,0.0,0.0,0.0,2,3000,0,0,0,0,1,0

FINAL,T26-Z,26,D,3
IF,CT26Z,-34.961294,150.781003,NWR,80.0,12.0,2,3000,0,0,0,0,0,0
CF,FT26,-34.956064,150.655442,0,NWR,80.0,5.8,260.0,6.2,2,2090,0,0,0,0,2,0
CF,MT26,-34.951753,150.554197,0,NWR,80.0,0.8,260.0,5.0,1,503,0,0,0,0,3,1
DF,NWR,-34.951056,150.538000,0, ,0.0,0.0,0,0,0,0,0,0,0,0
FM,NWR,-34.951056,150.538000,0,NWR,0.0,0.0,200.0,2,4300,0,0,0,0,0,0

